NC_000913.2_Escherichia_coli_str._K-12_substr._MG1655,_complete_genome_3990000:3991000	SRR10358491_NODE_19_length_88592_cov_19.119188	100.000	1000	0	0	1	1000	45279	46278	0.0	1847	plus
NC_000913.2_Escherichia_coli_str._K-12_substr._MG1655,_complete_genome_3990000:3991000	SRR10358489_NODE_18_length_88592_cov_17.666388	100.000	1000	0	0	1	1000	45279	46278	0.0	1847	plus
NC_000913.2_Escherichia_coli_str._K-12_substr._MG1655,_complete_genome_3990000:3991000	SRR10358488_NODE_19_length_88592_cov_20.729113	100.000	1000	0	0	1	1000	45279	46278	0.0	1847	plus
NC_000913.2_Escherichia_coli_str._K-12_substr._MG1655,_complete_genome_3990000:3991000	SRR10358487_NODE_19_length_88743_cov_13.265246	100.000	1000	0	0	1	1000	45279	46278	0.0	1847	plus
NC_000913.2_Escherichia_coli_str._K-12_substr._MG1655,_complete_genome_3990000:3991000	SRR10358486_NODE_17_length_88592_cov_21.385079	100.000	1000	0	0	1	1000	45279	46278	0.0	1847	plus
NC_000913.2_Escherichia_coli_str._K-12_substr._MG1655,_complete_genome_3990000:3991000	SRR10358485_NODE_19_length_88598_cov_17.871834	100.000	1000	0	0	1	1000	43320	42321	0.0	1847	minus
NC_000913.2_Escherichia_coli_str._K-12_substr._MG1655,_complete_genome_3990000:3991000	ASM886v1_BA000007.2	98.900	1000	11	0	1	1000	4785636	4786635	0.0	1786	plus
NC_000913.2_Escherichia_coli_str._K-12_substr._MG1655,_complete_genome_3990000:3991000	ASM2516v1_CP001846.1	98.900	1000	11	0	1	1000	4672914	4673913	0.0	1786	plus
NC_000913.2_Escherichia_coli_str._K-12_substr._MG1655,_complete_genome_3990000:3991000	ASM15512v1_CM000662.1	98.900	1000	11	0	1	1000	1974011	1973012	0.0	1786	minus
NC_000913.2_Escherichia_coli_str._K-12_substr._MG1655,_complete_genome_3990000:3991000	ASM666v1_AE005174.2	98.800	1000	12	0	1	1000	4854399	4855398	0.0	1783	plus
NC_000913.2_Escherichia_coli_str._K-12_substr._MG1655,_complete_genome_3990000:3991000	ASM2222v1_CP001368.1	98.800	1000	12	0	1	1000	4844811	4845810	0.0	1781	plus
NC_000913.2_Escherichia_coli_str._K-12_substr._MG1655,_complete_genome_3990000:3991000	ASM17195v1_ABHQ01000006.1	98.800	1000	12	0	1	1000	67753	68752	0.0	1781	plus
