NC_000913.2_Escherichia_coli_str._K-12_substr._MG1655,_complete_genome_1675000:1676000	SRR10358491_NODE_6_length_208552_cov_7.941471	100.000	1000	0	0	1	1000	25555	26554	0.0	1847	plus
NC_000913.2_Escherichia_coli_str._K-12_substr._MG1655,_complete_genome_1675000:1676000	SRR10358489_NODE_1_length_414105_cov_16.439444	100.000	1000	0	0	1	1000	388550	387551	0.0	1847	minus
NC_000913.2_Escherichia_coli_str._K-12_substr._MG1655,_complete_genome_1675000:1676000	SRR10358488_NODE_1_length_414105_cov_16.407519	100.000	1000	0	0	1	1000	388550	387551	0.0	1847	minus
NC_000913.2_Escherichia_coli_str._K-12_substr._MG1655,_complete_genome_1675000:1676000	SRR10358487_NODE_1_length_414105_cov_12.682679	100.000	1000	0	0	1	1000	25556	26555	0.0	1847	plus
NC_000913.2_Escherichia_coli_str._K-12_substr._MG1655,_complete_genome_1675000:1676000	SRR10358486_NODE_1_length_414105_cov_23.445681	100.000	1000	0	0	1	1000	25556	26555	0.0	1847	plus
NC_000913.2_Escherichia_coli_str._K-12_substr._MG1655,_complete_genome_1675000:1676000	SRR10358485_NODE_5_length_228539_cov_14.517368	100.000	1000	0	0	1	1000	202984	201985	0.0	1847	minus
NC_000913.2_Escherichia_coli_str._K-12_substr._MG1655,_complete_genome_1675000:1676000	ASM2516v1_CP001846.1	99.500	1000	5	0	1	1000	2034085	2035084	0.0	1820	plus
NC_000913.2_Escherichia_coli_str._K-12_substr._MG1655,_complete_genome_1675000:1676000	ASM886v1_BA000007.2	99.400	1000	6	0	1	1000	2276778	2277777	0.0	1814	plus
NC_000913.2_Escherichia_coli_str._K-12_substr._MG1655,_complete_genome_1675000:1676000	ASM666v1_AE005174.2	99.400	1000	6	0	1	1000	2352064	2353063	0.0	1814	plus
NC_000913.2_Escherichia_coli_str._K-12_substr._MG1655,_complete_genome_1675000:1676000	ASM2222v1_CP001368.1	99.400	1000	6	0	1	1000	2182054	2183053	0.0	1814	plus
NC_000913.2_Escherichia_coli_str._K-12_substr._MG1655,_complete_genome_1675000:1676000	ASM17195v1_ABHQ01000024.1	99.400	1000	6	0	1	1000	22504	23503	0.0	1814	plus
NC_000913.2_Escherichia_coli_str._K-12_substr._MG1655,_complete_genome_1675000:1676000	ASM15512v1_CM000662.1	99.400	1000	6	0	1	1000	4557887	4556888	0.0	1814	minus
