NC_000913.2_Escherichia_coli_str._K-12_substr._MG1655,_complete_genome_2480000:2481000	SRR10358489_NODE_6_length_209744_cov_17.155574	100.000	1000	0	0	1	1000	177324	178323	0.0	1847	plus
NC_000913.2_Escherichia_coli_str._K-12_substr._MG1655,_complete_genome_2480000:2481000	SRR10358488_NODE_5_length_209744_cov_17.813722	100.000	1000	0	0	1	1000	177324	178323	0.0	1847	plus
NC_000913.2_Escherichia_coli_str._K-12_substr._MG1655,_complete_genome_2480000:2481000	SRR10358487_NODE_6_length_209744_cov_13.217979	100.000	1000	0	0	1	1000	177324	178323	0.0	1847	plus
NC_000913.2_Escherichia_coli_str._K-12_substr._MG1655,_complete_genome_2480000:2481000	SRR10358486_NODE_5_length_224417_cov_23.200682	100.000	1000	0	0	1	1000	191997	192996	0.0	1847	plus
NC_000913.2_Escherichia_coli_str._K-12_substr._MG1655,_complete_genome_2480000:2481000	SRR10358485_NODE_7_length_196189_cov_15.353786	100.000	1000	0	0	1	1000	4419	3420	0.0	1847	minus
NC_000913.2_Escherichia_coli_str._K-12_substr._MG1655,_complete_genome_2480000:2481000	SRR10358491_NODE_4_length_224192_cov_11.038949	99.900	1000	1	0	1	1000	32421	31422	0.0	1842	minus
NC_000913.2_Escherichia_coli_str._K-12_substr._MG1655,_complete_genome_2480000:2481000	ASM886v1_BA000007.2	98.600	1000	14	0	1	1000	3210116	3211115	0.0	1770	plus
NC_000913.2_Escherichia_coli_str._K-12_substr._MG1655,_complete_genome_2480000:2481000	ASM2222v1_CP001368.1	98.600	1000	14	0	1	1000	3269103	3270102	0.0	1770	plus
NC_000913.2_Escherichia_coli_str._K-12_substr._MG1655,_complete_genome_2480000:2481000	ASM17195v1_ABHQ01000004.1	98.600	1000	14	0	1	1000	314605	315604	0.0	1770	plus
NC_000913.2_Escherichia_coli_str._K-12_substr._MG1655,_complete_genome_2480000:2481000	ASM15512v1_CM000662.1	98.600	1000	14	0	1	1000	3562144	3561145	0.0	1770	minus
NC_000913.2_Escherichia_coli_str._K-12_substr._MG1655,_complete_genome_2480000:2481000	ASM666v1_AE005174.2	98.500	1000	15	0	1	1000	3280075	3281074	0.0	1766	plus
NC_000913.2_Escherichia_coli_str._K-12_substr._MG1655,_complete_genome_2480000:2481000	ASM2516v1_CP001846.1	98.500	1000	15	0	1	1000	2951182	2952181	0.0	1764	plus
