NC_000913.2_Escherichia_coli_str._K-12_substr._MG1655,_complete_genome_1175000:1176000	SRR10358491_NODE_2_length_297749_cov_9.123549	100.000	1000	0	0	1	1000	78502	79501	0.0	1847	plus
NC_000913.2_Escherichia_coli_str._K-12_substr._MG1655,_complete_genome_1175000:1176000	SRR10358489_NODE_3_length_282492_cov_16.393724	100.000	1000	0	0	1	1000	78503	79502	0.0	1847	plus
NC_000913.2_Escherichia_coli_str._K-12_substr._MG1655,_complete_genome_1175000:1176000	SRR10358488_NODE_2_length_297749_cov_17.298217	100.000	1000	0	0	1	1000	219247	218248	0.0	1847	minus
NC_000913.2_Escherichia_coli_str._K-12_substr._MG1655,_complete_genome_1175000:1176000	SRR10358487_NODE_9_length_159351_cov_12.740033	100.000	1000	0	0	1	1000	79308	78309	0.0	1847	minus
NC_000913.2_Escherichia_coli_str._K-12_substr._MG1655,_complete_genome_1175000:1176000	SRR10358486_NODE_3_length_282546_cov_23.823528	100.000	1000	0	0	1	1000	204044	203045	0.0	1847	minus
NC_000913.2_Escherichia_coli_str._K-12_substr._MG1655,_complete_genome_1175000:1176000	SRR10358485_NODE_2_length_297748_cov_15.299391	100.000	1000	0	0	1	1000	219246	218247	0.0	1847	minus
NC_000913.2_Escherichia_coli_str._K-12_substr._MG1655,_complete_genome_1175000:1176000	ASM886v1_BA000007.2	98.100	1000	19	0	1	1000	1534903	1535902	0.0	1742	plus
NC_000913.2_Escherichia_coli_str._K-12_substr._MG1655,_complete_genome_1175000:1176000	ASM666v1_AE005174.2	98.100	1000	19	0	1	1000	1619999	1620998	0.0	1742	plus
NC_000913.2_Escherichia_coli_str._K-12_substr._MG1655,_complete_genome_1175000:1176000	ASM2516v1_CP001846.1	98.100	1000	19	0	1	1000	1433328	1434327	0.0	1742	plus
NC_000913.2_Escherichia_coli_str._K-12_substr._MG1655,_complete_genome_1175000:1176000	ASM2222v1_CP001368.1	98.100	1000	19	0	1	1000	1478782	1479781	0.0	1742	plus
NC_000913.2_Escherichia_coli_str._K-12_substr._MG1655,_complete_genome_1175000:1176000	ASM17195v1_ABHQ01000025.1	98.100	1000	19	0	1	1000	20713	21712	0.0	1742	plus
NC_000913.2_Escherichia_coli_str._K-12_substr._MG1655,_complete_genome_1175000:1176000	ASM15512v1_CM000662.1	98.195	997	18	0	4	1000	5296339	5295343	0.0	1742	minus
