NC_000913.2_Escherichia_coli_str._K-12_substr._MG1655,_complete_genome_1385000:1386000	SRR10358491_NODE_2_length_297749_cov_9.123549	100.000	1000	0	0	1	1000	288502	289501	0.0	1847	plus
NC_000913.2_Escherichia_coli_str._K-12_substr._MG1655,_complete_genome_1385000:1386000	SRR10358489_NODE_3_length_282492_cov_16.393724	100.000	1000	0	0	1	1000	273299	274298	0.0	1847	plus
NC_000913.2_Escherichia_coli_str._K-12_substr._MG1655,_complete_genome_1385000:1386000	SRR10358488_NODE_2_length_297749_cov_17.298217	100.000	1000	0	0	1	1000	9248	8249	0.0	1847	minus
NC_000913.2_Escherichia_coli_str._K-12_substr._MG1655,_complete_genome_1385000:1386000	SRR10358487_NODE_13_length_124762_cov_12.884864	100.000	1000	0	0	1	1000	9248	8249	0.0	1847	minus
NC_000913.2_Escherichia_coli_str._K-12_substr._MG1655,_complete_genome_1385000:1386000	SRR10358486_NODE_3_length_282546_cov_23.823528	100.000	1000	0	0	1	1000	9248	8249	0.0	1847	minus
NC_000913.2_Escherichia_coli_str._K-12_substr._MG1655,_complete_genome_1385000:1386000	SRR10358485_NODE_2_length_297748_cov_15.299391	100.000	1000	0	0	1	1000	9248	8249	0.0	1847	minus
NC_000913.2_Escherichia_coli_str._K-12_substr._MG1655,_complete_genome_1385000:1386000	ASM886v1_BA000007.2	98.500	1000	15	0	1	1000	1894791	1895790	0.0	1764	plus
NC_000913.2_Escherichia_coli_str._K-12_substr._MG1655,_complete_genome_1385000:1386000	ASM2516v1_CP001846.1	98.500	1000	15	0	1	1000	1706878	1707877	0.0	1764	plus
NC_000913.2_Escherichia_coli_str._K-12_substr._MG1655,_complete_genome_1385000:1386000	ASM2222v1_CP001368.1	98.500	1000	15	0	1	1000	1860782	1861781	0.0	1764	plus
NC_000913.2_Escherichia_coli_str._K-12_substr._MG1655,_complete_genome_1385000:1386000	ASM17195v1_ABHQ01000018.1	98.500	1000	15	0	1	1000	25913	26912	0.0	1764	plus
NC_000913.2_Escherichia_coli_str._K-12_substr._MG1655,_complete_genome_1385000:1386000	ASM15512v1_CM000662.1	98.500	1000	15	0	1	1000	4907380	4906381	0.0	1764	minus
NC_000913.2_Escherichia_coli_str._K-12_substr._MG1655,_complete_genome_1385000:1386000	ASM666v1_AE005174.2	98.200	1000	18	0	1	1000	2192376	2191377	0.0	1753	minus
