NC_000913.2_Escherichia_coli_str._K-12_substr._MG1655,_complete_genome_220000:221000	SRR10358491_NODE_8_length_203442_cov_13.984477	100.000	1000	0	0	1	1000	199692	200691	0.0	1847	plus
NC_000913.2_Escherichia_coli_str._K-12_substr._MG1655,_complete_genome_220000:221000	SRR10358489_NODE_7_length_203442_cov_17.652416	100.000	1000	0	0	1	1000	3751	2752	0.0	1847	minus
NC_000913.2_Escherichia_coli_str._K-12_substr._MG1655,_complete_genome_220000:221000	SRR10358488_NODE_6_length_203314_cov_20.563264	100.000	1000	0	0	1	1000	199564	200563	0.0	1847	plus
NC_000913.2_Escherichia_coli_str._K-12_substr._MG1655,_complete_genome_220000:221000	SRR10358487_NODE_7_length_203314_cov_13.372553	100.000	1000	0	0	1	1000	199564	200563	0.0	1847	plus
NC_000913.2_Escherichia_coli_str._K-12_substr._MG1655,_complete_genome_220000:221000	SRR10358486_NODE_7_length_203442_cov_22.011185	100.000	1000	0	0	1	1000	199692	200691	0.0	1847	plus
NC_000913.2_Escherichia_coli_str._K-12_substr._MG1655,_complete_genome_220000:221000	SRR10358485_NODE_4_length_239298_cov_15.881290	100.000	1000	0	0	1	1000	235548	236547	0.0	1847	plus
NC_000913.2_Escherichia_coli_str._K-12_substr._MG1655,_complete_genome_220000:221000	ASM886v1_BA000007.2	98.900	1000	11	0	1	1000	223331	224330	0.0	1786	plus
NC_000913.2_Escherichia_coli_str._K-12_substr._MG1655,_complete_genome_220000:221000	ASM666v1_AE005174.2	98.900	1000	11	0	1	1000	223332	224331	0.0	1786	plus
NC_000913.2_Escherichia_coli_str._K-12_substr._MG1655,_complete_genome_220000:221000	ASM2516v1_CP001846.1	98.900	1000	11	0	1	1000	223292	224291	0.0	1786	plus
NC_000913.2_Escherichia_coli_str._K-12_substr._MG1655,_complete_genome_220000:221000	ASM2222v1_CP001368.1	98.900	1000	11	0	1	1000	223312	224311	0.0	1786	plus
NC_000913.2_Escherichia_coli_str._K-12_substr._MG1655,_complete_genome_220000:221000	ASM17195v1_ABHQ01000019.1	98.900	1000	11	0	1	1000	3463	4462	0.0	1786	plus
NC_000913.2_Escherichia_coli_str._K-12_substr._MG1655,_complete_genome_220000:221000	ASM15512v1_CM000662.1	98.900	1000	11	0	1	1000	1076720	1075721	0.0	1786	minus
