NC_000913.2_Escherichia_coli_str._K-12_substr._MG1655,_complete_genome_3595000:3596000	SRR10358491_NODE_34_length_35327_cov_16.022188	100.000	1000	0	0	1	1000	12906	13905	0.0	1847	plus
NC_000913.2_Escherichia_coli_str._K-12_substr._MG1655,_complete_genome_3595000:3596000	SRR10358489_NODE_32_length_35465_cov_15.307573	100.000	1000	0	0	1	1000	22560	21561	0.0	1847	minus
NC_000913.2_Escherichia_coli_str._K-12_substr._MG1655,_complete_genome_3595000:3596000	SRR10358488_NODE_34_length_35327_cov_18.877017	100.000	1000	0	0	1	1000	12906	13905	0.0	1847	plus
NC_000913.2_Escherichia_coli_str._K-12_substr._MG1655,_complete_genome_3595000:3596000	SRR10358487_NODE_35_length_35327_cov_11.689403	100.000	1000	0	0	1	1000	22422	21423	0.0	1847	minus
NC_000913.2_Escherichia_coli_str._K-12_substr._MG1655,_complete_genome_3595000:3596000	SRR10358486_NODE_34_length_35327_cov_20.169716	100.000	1000	0	0	1	1000	12906	13905	0.0	1847	plus
NC_000913.2_Escherichia_coli_str._K-12_substr._MG1655,_complete_genome_3595000:3596000	SRR10358485_NODE_4_length_239298_cov_15.881290	100.000	1000	0	0	1	1000	22560	21561	0.0	1847	minus
NC_000913.2_Escherichia_coli_str._K-12_substr._MG1655,_complete_genome_3595000:3596000	ASM2516v1_CP001846.1	98.400	1000	16	0	1	1000	4204057	4205056	0.0	1759	plus
NC_000913.2_Escherichia_coli_str._K-12_substr._MG1655,_complete_genome_3595000:3596000	ASM2222v1_CP001368.1	98.300	1000	17	0	1	1000	4374584	4375583	0.0	1753	plus
NC_000913.2_Escherichia_coli_str._K-12_substr._MG1655,_complete_genome_3595000:3596000	ASM17195v1_ABHQ01000003.1	98.300	1000	17	0	1	1000	118857	119856	0.0	1753	plus
NC_000913.2_Escherichia_coli_str._K-12_substr._MG1655,_complete_genome_3595000:3596000	ASM886v1_BA000007.2	98.200	1000	18	0	1	1000	4315463	4316462	0.0	1748	plus
NC_000913.2_Escherichia_coli_str._K-12_substr._MG1655,_complete_genome_3595000:3596000	ASM15512v1_CM000662.1	98.200	1000	18	0	1	1000	2457032	2456033	0.0	1748	minus
NC_000913.2_Escherichia_coli_str._K-12_substr._MG1655,_complete_genome_3595000:3596000	ASM666v1_AE005174.2	98.100	1000	19	0	1	1000	4382687	4383686	0.0	1744	plus
