NC_000913.2_Escherichia_coli_str._K-12_substr._MG1655,_complete_genome_1960000:1961000	SRR10358491_NODE_7_length_205567_cov_8.951061	100.000	1000	0	0	1	1000	103549	102550	0.0	1847	minus
NC_000913.2_Escherichia_coli_str._K-12_substr._MG1655,_complete_genome_1960000:1961000	SRR10358489_NODE_1_length_414105_cov_16.439444	100.000	1000	0	0	1	1000	103550	102551	0.0	1847	minus
NC_000913.2_Escherichia_coli_str._K-12_substr._MG1655,_complete_genome_1960000:1961000	SRR10358488_NODE_1_length_414105_cov_16.407519	100.000	1000	0	0	1	1000	103550	102551	0.0	1847	minus
NC_000913.2_Escherichia_coli_str._K-12_substr._MG1655,_complete_genome_1960000:1961000	SRR10358487_NODE_1_length_414105_cov_12.682679	100.000	1000	0	0	1	1000	310556	311555	0.0	1847	plus
NC_000913.2_Escherichia_coli_str._K-12_substr._MG1655,_complete_genome_1960000:1961000	SRR10358486_NODE_1_length_414105_cov_23.445681	100.000	1000	0	0	1	1000	310556	311555	0.0	1847	plus
NC_000913.2_Escherichia_coli_str._K-12_substr._MG1655,_complete_genome_1960000:1961000	SRR10358485_NODE_8_length_185826_cov_15.041890	100.000	1000	0	0	1	1000	103551	102552	0.0	1847	minus
NC_000913.2_Escherichia_coli_str._K-12_substr._MG1655,_complete_genome_1960000:1961000	ASM886v1_BA000007.2	97.000	1000	30	0	1	1000	2563907	2564906	0.0	1681	plus
NC_000913.2_Escherichia_coli_str._K-12_substr._MG1655,_complete_genome_1960000:1961000	ASM666v1_AE005174.2	97.000	1000	30	0	1	1000	2639118	2640117	0.0	1681	plus
NC_000913.2_Escherichia_coli_str._K-12_substr._MG1655,_complete_genome_1960000:1961000	ASM2516v1_CP001846.1	97.000	1000	30	0	1	1000	2354865	2355864	0.0	1681	plus
NC_000913.2_Escherichia_coli_str._K-12_substr._MG1655,_complete_genome_1960000:1961000	ASM2222v1_CP001368.1	97.000	1000	30	0	1	1000	2469182	2470181	0.0	1681	plus
NC_000913.2_Escherichia_coli_str._K-12_substr._MG1655,_complete_genome_1960000:1961000	ASM17195v1_ABHQ01000021.1	97.000	1000	30	0	1	1000	55369	56368	0.0	1681	plus
NC_000913.2_Escherichia_coli_str._K-12_substr._MG1655,_complete_genome_1960000:1961000	ASM15512v1_CM000662.1	97.000	1000	30	0	1	1000	4269449	4268450	0.0	1681	minus
