NC_000913.2_Escherichia_coli_str._K-12_substr._MG1655,_complete_genome_940000:941000	SRR10358491_NODE_1_length_316522_cov_10.067103	100.000	1000	0	0	1	1000	207269	208268	0.0	1847	plus
NC_000913.2_Escherichia_coli_str._K-12_substr._MG1655,_complete_genome_940000:941000	SRR10358489_NODE_2_length_361112_cov_16.843946	100.000	1000	0	0	1	1000	207519	208518	0.0	1847	plus
NC_000913.2_Escherichia_coli_str._K-12_substr._MG1655,_complete_genome_940000:941000	SRR10358488_NODE_11_length_142450_cov_18.046781	100.000	1000	0	0	1	1000	33197	34196	0.0	1847	plus
NC_000913.2_Escherichia_coli_str._K-12_substr._MG1655,_complete_genome_940000:941000	SRR10358487_NODE_4_length_239915_cov_13.054765	100.000	1000	0	0	1	1000	32652	31653	0.0	1847	minus
NC_000913.2_Escherichia_coli_str._K-12_substr._MG1655,_complete_genome_940000:941000	SRR10358486_NODE_2_length_316163_cov_22.172335	100.000	1000	0	0	1	1000	206998	207997	0.0	1847	plus
NC_000913.2_Escherichia_coli_str._K-12_substr._MG1655,_complete_genome_940000:941000	SRR10358485_NODE_1_length_316175_cov_14.047515	100.000	1000	0	0	1	1000	206998	207997	0.0	1847	plus
NC_000913.2_Escherichia_coli_str._K-12_substr._MG1655,_complete_genome_940000:941000	ASM886v1_BA000007.2	99.400	1000	6	0	1	1000	1071890	1072889	0.0	1814	plus
NC_000913.2_Escherichia_coli_str._K-12_substr._MG1655,_complete_genome_940000:941000	ASM666v1_AE005174.2	99.400	1000	6	0	1	1000	1161113	1162112	0.0	1814	plus
NC_000913.2_Escherichia_coli_str._K-12_substr._MG1655,_complete_genome_940000:941000	ASM2222v1_CP001368.1	99.400	1000	6	0	1	1000	1076839	1077838	0.0	1814	plus
NC_000913.2_Escherichia_coli_str._K-12_substr._MG1655,_complete_genome_940000:941000	ASM17195v1_ABHQ01000029.1	99.400	1000	6	0	1	1000	25702	26701	0.0	1814	plus
NC_000913.2_Escherichia_coli_str._K-12_substr._MG1655,_complete_genome_940000:941000	ASM15512v1_CM000662.1	99.400	1000	6	0	1	1000	179649	178650	0.0	1814	minus
NC_000913.2_Escherichia_coli_str._K-12_substr._MG1655,_complete_genome_940000:941000	ASM2516v1_CP001846.1	99.300	1000	7	0	1	1000	1168902	1169901	0.0	1808	plus
