NC_000913.2_Escherichia_coli_str._K-12_substr._MG1655,_complete_genome_2655000:2656000	SRR10358491_NODE_5_length_210722_cov_11.226102	100.000	1000	0	0	1	1000	141488	142487	0.0	1847	plus
NC_000913.2_Escherichia_coli_str._K-12_substr._MG1655,_complete_genome_2655000:2656000	SRR10358489_NODE_5_length_210722_cov_16.906422	100.000	1000	0	0	1	1000	141488	142487	0.0	1847	plus
NC_000913.2_Escherichia_coli_str._K-12_substr._MG1655,_complete_genome_2655000:2656000	SRR10358488_NODE_4_length_210723_cov_18.722716	100.000	1000	0	0	1	1000	141489	142488	0.0	1847	plus
NC_000913.2_Escherichia_coli_str._K-12_substr._MG1655,_complete_genome_2655000:2656000	SRR10358487_NODE_5_length_210723_cov_12.686608	100.000	1000	0	0	1	1000	69235	68236	0.0	1847	minus
NC_000913.2_Escherichia_coli_str._K-12_substr._MG1655,_complete_genome_2655000:2656000	SRR10358486_NODE_6_length_210723_cov_21.594005	100.000	1000	0	0	1	1000	69235	68236	0.0	1847	minus
NC_000913.2_Escherichia_coli_str._K-12_substr._MG1655,_complete_genome_2655000:2656000	SRR10358485_NODE_6_length_210724_cov_13.704744	100.000	1000	0	0	1	1000	141490	142489	0.0	1847	plus
NC_000913.2_Escherichia_coli_str._K-12_substr._MG1655,_complete_genome_2655000:2656000	ASM886v1_BA000007.2	99.800	1000	2	0	1	1000	3377634	3378633	0.0	1836	plus
NC_000913.2_Escherichia_coli_str._K-12_substr._MG1655,_complete_genome_2655000:2656000	ASM666v1_AE005174.2	99.800	1000	2	0	1	1000	3447471	3448470	0.0	1836	plus
NC_000913.2_Escherichia_coli_str._K-12_substr._MG1655,_complete_genome_2655000:2656000	ASM2222v1_CP001368.1	99.800	1000	2	0	1	1000	3436622	3437621	0.0	1836	plus
NC_000913.2_Escherichia_coli_str._K-12_substr._MG1655,_complete_genome_2655000:2656000	ASM17195v1_ABHQ01000001.1	99.800	1000	2	0	1	1000	125826	126825	0.0	1836	plus
NC_000913.2_Escherichia_coli_str._K-12_substr._MG1655,_complete_genome_2655000:2656000	ASM15512v1_CM000662.1	99.800	1000	2	0	1	1000	3394625	3393626	0.0	1836	minus
NC_000913.2_Escherichia_coli_str._K-12_substr._MG1655,_complete_genome_2655000:2656000	ASM2516v1_CP001846.1	99.700	1000	3	0	1	1000	3118699	3119698	0.0	1831	plus
