NC_000913.2_Escherichia_coli_str._K-12_substr._MG1655,_complete_genome_2575000:2576000	SRR10358491_NODE_5_length_210722_cov_11.226102	100.000	1000	0	0	1	1000	61488	62487	0.0	1847	plus
NC_000913.2_Escherichia_coli_str._K-12_substr._MG1655,_complete_genome_2575000:2576000	SRR10358489_NODE_5_length_210722_cov_16.906422	100.000	1000	0	0	1	1000	61488	62487	0.0	1847	plus
NC_000913.2_Escherichia_coli_str._K-12_substr._MG1655,_complete_genome_2575000:2576000	SRR10358488_NODE_4_length_210723_cov_18.722716	100.000	1000	0	0	1	1000	61489	62488	0.0	1847	plus
NC_000913.2_Escherichia_coli_str._K-12_substr._MG1655,_complete_genome_2575000:2576000	SRR10358487_NODE_5_length_210723_cov_12.686608	100.000	1000	0	0	1	1000	149235	148236	0.0	1847	minus
NC_000913.2_Escherichia_coli_str._K-12_substr._MG1655,_complete_genome_2575000:2576000	SRR10358486_NODE_6_length_210723_cov_21.594005	100.000	1000	0	0	1	1000	149235	148236	0.0	1847	minus
NC_000913.2_Escherichia_coli_str._K-12_substr._MG1655,_complete_genome_2575000:2576000	SRR10358485_NODE_6_length_210724_cov_13.704744	100.000	1000	0	0	1	1000	61490	62489	0.0	1847	plus
NC_000913.2_Escherichia_coli_str._K-12_substr._MG1655,_complete_genome_2575000:2576000	ASM886v1_BA000007.2	97.200	1000	28	0	1	1000	3293103	3294102	0.0	1692	plus
NC_000913.2_Escherichia_coli_str._K-12_substr._MG1655,_complete_genome_2575000:2576000	ASM2516v1_CP001846.1	97.200	1000	28	0	1	1000	3034174	3035173	0.0	1692	plus
NC_000913.2_Escherichia_coli_str._K-12_substr._MG1655,_complete_genome_2575000:2576000	ASM15512v1_CM000662.1	97.200	1000	28	0	1	1000	3479157	3478158	0.0	1692	minus
NC_000913.2_Escherichia_coli_str._K-12_substr._MG1655,_complete_genome_2575000:2576000	ASM2222v1_CP001368.1	97.100	1000	29	0	1	1000	3352091	3353090	0.0	1687	plus
NC_000913.2_Escherichia_coli_str._K-12_substr._MG1655,_complete_genome_2575000:2576000	ASM17195v1_ABHQ01000001.1	97.100	1000	29	0	1	1000	41295	42294	0.0	1687	plus
