NC_000913.2_Escherichia_coli_str._K-12_substr._MG1655,_complete_genome_2830000:2831000	SRR10358491_NODE_3_length_265729_cov_14.094081	100.000	1000	0	0	1	1000	101222	102221	0.0	1847	plus
NC_000913.2_Escherichia_coli_str._K-12_substr._MG1655,_complete_genome_2830000:2831000	SRR10358489_NODE_4_length_265730_cov_16.911326	100.000	1000	0	0	1	1000	101222	102221	0.0	1847	plus
NC_000913.2_Escherichia_coli_str._K-12_substr._MG1655,_complete_genome_2830000:2831000	SRR10358488_NODE_3_length_265730_cov_20.485303	100.000	1000	0	0	1	1000	164509	163510	0.0	1847	minus
NC_000913.2_Escherichia_coli_str._K-12_substr._MG1655,_complete_genome_2830000:2831000	SRR10358487_NODE_3_length_265730_cov_13.011318	100.000	1000	0	0	1	1000	164509	163510	0.0	1847	minus
NC_000913.2_Escherichia_coli_str._K-12_substr._MG1655,_complete_genome_2830000:2831000	SRR10358486_NODE_4_length_265730_cov_24.677873	100.000	1000	0	0	1	1000	101222	102221	0.0	1847	plus
NC_000913.2_Escherichia_coli_str._K-12_substr._MG1655,_complete_genome_2830000:2831000	SRR10358485_NODE_3_length_265727_cov_18.045960	100.000	1000	0	0	1	1000	101222	102221	0.0	1847	plus
NC_000913.2_Escherichia_coli_str._K-12_substr._MG1655,_complete_genome_2830000:2831000	ASM886v1_BA000007.2	98.500	1000	15	0	1	1000	3555902	3556901	0.0	1764	plus
NC_000913.2_Escherichia_coli_str._K-12_substr._MG1655,_complete_genome_2830000:2831000	ASM666v1_AE005174.2	98.500	1000	15	0	1	1000	3623200	3624199	0.0	1764	plus
NC_000913.2_Escherichia_coli_str._K-12_substr._MG1655,_complete_genome_2830000:2831000	ASM2516v1_CP001846.1	98.500	1000	15	0	1	1000	3393650	3394649	0.0	1764	plus
NC_000913.2_Escherichia_coli_str._K-12_substr._MG1655,_complete_genome_2830000:2831000	ASM2222v1_CP001368.1	98.500	1000	15	0	1	1000	3614868	3615867	0.0	1764	plus
NC_000913.2_Escherichia_coli_str._K-12_substr._MG1655,_complete_genome_2830000:2831000	ASM17195v1_ABHQ01000001.1	98.500	1000	15	0	1	1000	304067	305066	0.0	1764	plus
NC_000913.2_Escherichia_coli_str._K-12_substr._MG1655,_complete_genome_2830000:2831000	ASM15512v1_CM000662.1	98.495	997	14	1	4	1000	3216584	3215589	0.0	1757	minus
