NC_000913.2_Escherichia_coli_str._K-12_substr._MG1655,_complete_genome_2435000:2436000	SRR10358491_NODE_4_length_224192_cov_11.038949	100.000	1000	0	0	1	1000	77421	76422	0.0	1847	minus
NC_000913.2_Escherichia_coli_str._K-12_substr._MG1655,_complete_genome_2435000:2436000	SRR10358489_NODE_6_length_209744_cov_17.155574	100.000	1000	0	0	1	1000	132324	133323	0.0	1847	plus
NC_000913.2_Escherichia_coli_str._K-12_substr._MG1655,_complete_genome_2435000:2436000	SRR10358488_NODE_5_length_209744_cov_17.813722	100.000	1000	0	0	1	1000	132324	133323	0.0	1847	plus
NC_000913.2_Escherichia_coli_str._K-12_substr._MG1655,_complete_genome_2435000:2436000	SRR10358487_NODE_6_length_209744_cov_13.217979	100.000	1000	0	0	1	1000	132324	133323	0.0	1847	plus
NC_000913.2_Escherichia_coli_str._K-12_substr._MG1655,_complete_genome_2435000:2436000	SRR10358486_NODE_5_length_224417_cov_23.200682	100.000	1000	0	0	1	1000	146997	147996	0.0	1847	plus
NC_000913.2_Escherichia_coli_str._K-12_substr._MG1655,_complete_genome_2435000:2436000	SRR10358485_NODE_7_length_196189_cov_15.353786	100.000	1000	0	0	1	1000	49419	48420	0.0	1847	minus
NC_000913.2_Escherichia_coli_str._K-12_substr._MG1655,_complete_genome_2435000:2436000	ASM886v1_BA000007.2	97.400	1000	26	0	1	1000	3163332	3164331	0.0	1703	plus
NC_000913.2_Escherichia_coli_str._K-12_substr._MG1655,_complete_genome_2435000:2436000	ASM666v1_AE005174.2	97.400	1000	26	0	1	1000	3233288	3234287	0.0	1703	plus
NC_000913.2_Escherichia_coli_str._K-12_substr._MG1655,_complete_genome_2435000:2436000	ASM2516v1_CP001846.1	97.400	1000	26	0	1	1000	2904398	2905397	0.0	1703	plus
NC_000913.2_Escherichia_coli_str._K-12_substr._MG1655,_complete_genome_2435000:2436000	ASM2222v1_CP001368.1	97.400	1000	26	0	1	1000	3159655	3160654	0.0	1703	plus
NC_000913.2_Escherichia_coli_str._K-12_substr._MG1655,_complete_genome_2435000:2436000	ASM17195v1_ABHQ01000004.1	97.400	1000	26	0	1	1000	205158	206157	0.0	1703	plus
NC_000913.2_Escherichia_coli_str._K-12_substr._MG1655,_complete_genome_2435000:2436000	ASM15512v1_CM000662.1	97.400	1000	26	0	1	1000	3670099	3669100	0.0	1703	minus
