NC_000913.2_Escherichia_coli_str._K-12_substr._MG1655,_complete_genome_1750000:1751000	SRR10358491_NODE_6_length_208552_cov_7.941471	100.000	1000	0	0	1	1000	100555	101554	0.0	1847	plus
NC_000913.2_Escherichia_coli_str._K-12_substr._MG1655,_complete_genome_1750000:1751000	SRR10358489_NODE_1_length_414105_cov_16.439444	100.000	1000	0	0	1	1000	313550	312551	0.0	1847	minus
NC_000913.2_Escherichia_coli_str._K-12_substr._MG1655,_complete_genome_1750000:1751000	SRR10358488_NODE_1_length_414105_cov_16.407519	100.000	1000	0	0	1	1000	313550	312551	0.0	1847	minus
NC_000913.2_Escherichia_coli_str._K-12_substr._MG1655,_complete_genome_1750000:1751000	SRR10358487_NODE_1_length_414105_cov_12.682679	100.000	1000	0	0	1	1000	100556	101555	0.0	1847	plus
NC_000913.2_Escherichia_coli_str._K-12_substr._MG1655,_complete_genome_1750000:1751000	SRR10358486_NODE_1_length_414105_cov_23.445681	100.000	1000	0	0	1	1000	100556	101555	0.0	1847	plus
NC_000913.2_Escherichia_coli_str._K-12_substr._MG1655,_complete_genome_1750000:1751000	SRR10358485_NODE_5_length_228539_cov_14.517368	100.000	1000	0	0	1	1000	127984	126985	0.0	1847	minus
NC_000913.2_Escherichia_coli_str._K-12_substr._MG1655,_complete_genome_1750000:1751000	ASM2516v1_CP001846.1	99.000	1000	10	0	1	1000	2108994	2109993	0.0	1792	plus
NC_000913.2_Escherichia_coli_str._K-12_substr._MG1655,_complete_genome_1750000:1751000	ASM886v1_BA000007.2	98.900	1000	11	0	1	1000	2351688	2352687	0.0	1786	plus
NC_000913.2_Escherichia_coli_str._K-12_substr._MG1655,_complete_genome_1750000:1751000	ASM666v1_AE005174.2	98.900	1000	11	0	1	1000	2426884	2427883	0.0	1786	plus
NC_000913.2_Escherichia_coli_str._K-12_substr._MG1655,_complete_genome_1750000:1751000	ASM2222v1_CP001368.1	98.900	1000	11	0	1	1000	2256964	2257963	0.0	1786	plus
NC_000913.2_Escherichia_coli_str._K-12_substr._MG1655,_complete_genome_1750000:1751000	ASM17195v1_ABHQ01000032.1	98.900	1000	11	0	1	1000	31547	32546	0.0	1786	plus
NC_000913.2_Escherichia_coli_str._K-12_substr._MG1655,_complete_genome_1750000:1751000	ASM15512v1_CM000662.1	98.900	1000	11	0	1	1000	4482977	4481978	0.0	1786	minus
