NC_000913.2_Escherichia_coli_str._K-12_substr._MG1655,_complete_genome_1965000:1966000	SRR10358491_NODE_7_length_205567_cov_8.951061	100.000	1000	0	0	1	1000	98549	97550	0.0	1847	minus
NC_000913.2_Escherichia_coli_str._K-12_substr._MG1655,_complete_genome_1965000:1966000	SRR10358489_NODE_1_length_414105_cov_16.439444	100.000	1000	0	0	1	1000	98550	97551	0.0	1847	minus
NC_000913.2_Escherichia_coli_str._K-12_substr._MG1655,_complete_genome_1965000:1966000	SRR10358488_NODE_1_length_414105_cov_16.407519	100.000	1000	0	0	1	1000	98550	97551	0.0	1847	minus
NC_000913.2_Escherichia_coli_str._K-12_substr._MG1655,_complete_genome_1965000:1966000	SRR10358487_NODE_1_length_414105_cov_12.682679	100.000	1000	0	0	1	1000	315556	316555	0.0	1847	plus
NC_000913.2_Escherichia_coli_str._K-12_substr._MG1655,_complete_genome_1965000:1966000	SRR10358486_NODE_1_length_414105_cov_23.445681	100.000	1000	0	0	1	1000	315556	316555	0.0	1847	plus
NC_000913.2_Escherichia_coli_str._K-12_substr._MG1655,_complete_genome_1965000:1966000	SRR10358485_NODE_8_length_185826_cov_15.041890	99.900	1000	1	0	1	1000	98551	97552	0.0	1842	minus
NC_000913.2_Escherichia_coli_str._K-12_substr._MG1655,_complete_genome_1965000:1966000	ASM886v1_BA000007.2	99.300	1000	7	0	1	1000	2568907	2569906	0.0	1808	plus
NC_000913.2_Escherichia_coli_str._K-12_substr._MG1655,_complete_genome_1965000:1966000	ASM2222v1_CP001368.1	99.300	1000	7	0	1	1000	2474182	2475181	0.0	1808	plus
NC_000913.2_Escherichia_coli_str._K-12_substr._MG1655,_complete_genome_1965000:1966000	ASM17195v1_ABHQ01000021.1	99.300	1000	7	0	1	1000	60369	61368	0.0	1808	plus
NC_000913.2_Escherichia_coli_str._K-12_substr._MG1655,_complete_genome_1965000:1966000	ASM15512v1_CM000662.1	99.300	1000	7	0	1	1000	4264449	4263450	0.0	1808	minus
NC_000913.2_Escherichia_coli_str._K-12_substr._MG1655,_complete_genome_1965000:1966000	ASM666v1_AE005174.2	99.200	1000	8	0	1	1000	2644118	2645117	0.0	1805	plus
NC_000913.2_Escherichia_coli_str._K-12_substr._MG1655,_complete_genome_1965000:1966000	ASM2516v1_CP001846.1	99.200	1000	8	0	1	1000	2359865	2360864	0.0	1803	plus
