NC_000913.2_Escherichia_coli_str._K-12_substr._MG1655,_complete_genome_2670000:2671000	SRR10358491_NODE_5_length_210722_cov_11.226102	100.000	1000	0	0	1	1000	156397	157396	0.0	1847	plus
NC_000913.2_Escherichia_coli_str._K-12_substr._MG1655,_complete_genome_2670000:2671000	SRR10358489_NODE_5_length_210722_cov_16.906422	100.000	1000	0	0	1	1000	156397	157396	0.0	1847	plus
NC_000913.2_Escherichia_coli_str._K-12_substr._MG1655,_complete_genome_2670000:2671000	SRR10358488_NODE_4_length_210723_cov_18.722716	100.000	1000	0	0	1	1000	156398	157397	0.0	1847	plus
NC_000913.2_Escherichia_coli_str._K-12_substr._MG1655,_complete_genome_2670000:2671000	SRR10358487_NODE_5_length_210723_cov_12.686608	100.000	1000	0	0	1	1000	54326	53327	0.0	1847	minus
NC_000913.2_Escherichia_coli_str._K-12_substr._MG1655,_complete_genome_2670000:2671000	SRR10358486_NODE_6_length_210723_cov_21.594005	100.000	1000	0	0	1	1000	54326	53327	0.0	1847	minus
NC_000913.2_Escherichia_coli_str._K-12_substr._MG1655,_complete_genome_2670000:2671000	SRR10358485_NODE_6_length_210724_cov_13.704744	99.900	1000	1	0	1	1000	156399	157398	0.0	1842	plus
NC_000913.2_Escherichia_coli_str._K-12_substr._MG1655,_complete_genome_2670000:2671000	ASM886v1_BA000007.2	97.400	1000	26	0	1	1000	3392480	3393479	0.0	1703	plus
NC_000913.2_Escherichia_coli_str._K-12_substr._MG1655,_complete_genome_2670000:2671000	ASM666v1_AE005174.2	97.400	1000	26	0	1	1000	3462318	3463317	0.0	1703	plus
NC_000913.2_Escherichia_coli_str._K-12_substr._MG1655,_complete_genome_2670000:2671000	ASM2222v1_CP001368.1	97.400	1000	26	0	1	1000	3451468	3452467	0.0	1703	plus
NC_000913.2_Escherichia_coli_str._K-12_substr._MG1655,_complete_genome_2670000:2671000	ASM17195v1_ABHQ01000001.1	97.400	1000	26	0	1	1000	140672	141671	0.0	1703	plus
NC_000913.2_Escherichia_coli_str._K-12_substr._MG1655,_complete_genome_2670000:2671000	ASM15512v1_CM000662.1	97.400	1000	26	0	1	1000	3379779	3378780	0.0	1703	minus
NC_000913.2_Escherichia_coli_str._K-12_substr._MG1655,_complete_genome_2670000:2671000	ASM2516v1_CP001846.1	97.200	1000	28	0	1	1000	3133545	3134544	0.0	1692	plus
