NC_000913.2_Escherichia_coli_str._K-12_substr._MG1655,_complete_genome_1805000:1806000	SRR10358491_NODE_6_length_208552_cov_7.941471	100.000	1000	0	0	1	1000	155554	156553	0.0	1847	plus
NC_000913.2_Escherichia_coli_str._K-12_substr._MG1655,_complete_genome_1805000:1806000	SRR10358489_NODE_1_length_414105_cov_16.439444	100.000	1000	0	0	1	1000	258550	257551	0.0	1847	minus
NC_000913.2_Escherichia_coli_str._K-12_substr._MG1655,_complete_genome_1805000:1806000	SRR10358488_NODE_1_length_414105_cov_16.407519	100.000	1000	0	0	1	1000	258550	257551	0.0	1847	minus
NC_000913.2_Escherichia_coli_str._K-12_substr._MG1655,_complete_genome_1805000:1806000	SRR10358487_NODE_1_length_414105_cov_12.682679	100.000	1000	0	0	1	1000	155556	156555	0.0	1847	plus
NC_000913.2_Escherichia_coli_str._K-12_substr._MG1655,_complete_genome_1805000:1806000	SRR10358486_NODE_1_length_414105_cov_23.445681	100.000	1000	0	0	1	1000	155556	156555	0.0	1847	plus
NC_000913.2_Escherichia_coli_str._K-12_substr._MG1655,_complete_genome_1805000:1806000	SRR10358485_NODE_5_length_228539_cov_14.517368	100.000	1000	0	0	1	1000	72984	71985	0.0	1847	minus
NC_000913.2_Escherichia_coli_str._K-12_substr._MG1655,_complete_genome_1805000:1806000	ASM886v1_BA000007.2	99.500	1000	5	0	1	1000	2406691	2407690	0.0	1820	plus
NC_000913.2_Escherichia_coli_str._K-12_substr._MG1655,_complete_genome_1805000:1806000	ASM2516v1_CP001846.1	99.500	1000	5	0	1	1000	2199738	2200737	0.0	1820	plus
NC_000913.2_Escherichia_coli_str._K-12_substr._MG1655,_complete_genome_1805000:1806000	ASM2222v1_CP001368.1	99.500	1000	5	0	1	1000	2311966	2312965	0.0	1820	plus
NC_000913.2_Escherichia_coli_str._K-12_substr._MG1655,_complete_genome_1805000:1806000	ASM17195v1_ABHQ01000013.1	99.500	1000	5	0	1	1000	49489	50488	0.0	1820	plus
NC_000913.2_Escherichia_coli_str._K-12_substr._MG1655,_complete_genome_1805000:1806000	ASM15512v1_CM000662.1	99.500	1000	5	0	1	1000	4427975	4426976	0.0	1820	minus
NC_000913.2_Escherichia_coli_str._K-12_substr._MG1655,_complete_genome_1805000:1806000	ASM666v1_AE005174.2	99.300	1000	7	0	1	1000	2481893	2482892	0.0	1812	plus
