NC_000913.2_Escherichia_coli_str._K-12_substr._MG1655,_complete_genome_210000:211000	SRR10358491_NODE_8_length_203442_cov_13.984477	100.000	1000	0	0	1	1000	189692	190691	0.0	1847	plus
NC_000913.2_Escherichia_coli_str._K-12_substr._MG1655,_complete_genome_210000:211000	SRR10358489_NODE_7_length_203442_cov_17.652416	100.000	1000	0	0	1	1000	13751	12752	0.0	1847	minus
NC_000913.2_Escherichia_coli_str._K-12_substr._MG1655,_complete_genome_210000:211000	SRR10358488_NODE_6_length_203314_cov_20.563264	100.000	1000	0	0	1	1000	189564	190563	0.0	1847	plus
NC_000913.2_Escherichia_coli_str._K-12_substr._MG1655,_complete_genome_210000:211000	SRR10358487_NODE_7_length_203314_cov_13.372553	100.000	1000	0	0	1	1000	189564	190563	0.0	1847	plus
NC_000913.2_Escherichia_coli_str._K-12_substr._MG1655,_complete_genome_210000:211000	SRR10358486_NODE_7_length_203442_cov_22.011185	100.000	1000	0	0	1	1000	189692	190691	0.0	1847	plus
NC_000913.2_Escherichia_coli_str._K-12_substr._MG1655,_complete_genome_210000:211000	SRR10358485_NODE_4_length_239298_cov_15.881290	100.000	1000	0	0	1	1000	225548	226547	0.0	1847	plus
NC_000913.2_Escherichia_coli_str._K-12_substr._MG1655,_complete_genome_210000:211000	ASM886v1_BA000007.2	98.100	1000	19	0	1	1000	213344	214343	0.0	1742	plus
NC_000913.2_Escherichia_coli_str._K-12_substr._MG1655,_complete_genome_210000:211000	ASM666v1_AE005174.2	98.100	1000	19	0	1	1000	213345	214344	0.0	1742	plus
NC_000913.2_Escherichia_coli_str._K-12_substr._MG1655,_complete_genome_210000:211000	ASM2516v1_CP001846.1	98.100	1000	19	0	1	1000	213293	214292	0.0	1742	plus
NC_000913.2_Escherichia_coli_str._K-12_substr._MG1655,_complete_genome_210000:211000	ASM2222v1_CP001368.1	98.100	1000	19	0	1	1000	213325	214324	0.0	1742	plus
NC_000913.2_Escherichia_coli_str._K-12_substr._MG1655,_complete_genome_210000:211000	ASM17195v1_ABHQ01000012.1	98.100	1000	19	0	1	1000	148844	149843	0.0	1742	plus
NC_000913.2_Escherichia_coli_str._K-12_substr._MG1655,_complete_genome_210000:211000	ASM15512v1_CM000662.1	98.100	1000	19	0	1	1000	1086707	1085708	0.0	1742	minus
