NC_000913.2_Escherichia_coli_str._K-12_substr._MG1655,_complete_genome_2015000:2016000	SRR10358491_NODE_7_length_205567_cov_8.951061	100.000	1000	0	0	1	1000	49326	48327	0.0	1847	minus
NC_000913.2_Escherichia_coli_str._K-12_substr._MG1655,_complete_genome_2015000:2016000	SRR10358489_NODE_1_length_414105_cov_16.439444	100.000	1000	0	0	1	1000	49326	48327	0.0	1847	minus
NC_000913.2_Escherichia_coli_str._K-12_substr._MG1655,_complete_genome_2015000:2016000	SRR10358488_NODE_1_length_414105_cov_16.407519	100.000	1000	0	0	1	1000	49326	48327	0.0	1847	minus
NC_000913.2_Escherichia_coli_str._K-12_substr._MG1655,_complete_genome_2015000:2016000	SRR10358487_NODE_1_length_414105_cov_12.682679	100.000	1000	0	0	1	1000	364780	365779	0.0	1847	plus
NC_000913.2_Escherichia_coli_str._K-12_substr._MG1655,_complete_genome_2015000:2016000	SRR10358486_NODE_1_length_414105_cov_23.445681	100.000	1000	0	0	1	1000	364780	365779	0.0	1847	plus
NC_000913.2_Escherichia_coli_str._K-12_substr._MG1655,_complete_genome_2015000:2016000	SRR10358485_NODE_8_length_185826_cov_15.041890	99.900	1000	1	0	1	1000	49326	48327	0.0	1842	minus
NC_000913.2_Escherichia_coli_str._K-12_substr._MG1655,_complete_genome_2015000:2016000	ASM666v1_AE005174.2	98.900	1000	11	0	1	1000	2716735	2717734	0.0	1786	plus
NC_000913.2_Escherichia_coli_str._K-12_substr._MG1655,_complete_genome_2015000:2016000	ASM2516v1_CP001846.1	98.900	1000	11	0	1	1000	2411311	2412310	0.0	1786	plus
NC_000913.2_Escherichia_coli_str._K-12_substr._MG1655,_complete_genome_2015000:2016000	ASM2222v1_CP001368.1	98.900	1000	11	0	1	1000	2548115	2549114	0.0	1786	plus
NC_000913.2_Escherichia_coli_str._K-12_substr._MG1655,_complete_genome_2015000:2016000	ASM17195v1_ABHQ01000023.1	98.900	1000	11	0	1	1000	24659	25658	0.0	1786	plus
NC_000913.2_Escherichia_coli_str._K-12_substr._MG1655,_complete_genome_2015000:2016000	ASM15512v1_CM000662.1	98.900	1000	11	0	1	1000	4191832	4190833	0.0	1786	minus
NC_000913.2_Escherichia_coli_str._K-12_substr._MG1655,_complete_genome_2015000:2016000	ASM886v1_BA000007.2	98.800	1000	12	0	1	1000	2641523	2642522	0.0	1781	plus
