NC_000913.2_Escherichia_coli_str._K-12_substr._MG1655,_complete_genome_2895000:2896000	SRR10358491_NODE_3_length_265729_cov_14.094081	100.000	1000	0	0	1	1000	166221	167220	0.0	1847	plus
NC_000913.2_Escherichia_coli_str._K-12_substr._MG1655,_complete_genome_2895000:2896000	SRR10358489_NODE_4_length_265730_cov_16.911326	100.000	1000	0	0	1	1000	166222	167221	0.0	1847	plus
NC_000913.2_Escherichia_coli_str._K-12_substr._MG1655,_complete_genome_2895000:2896000	SRR10358488_NODE_3_length_265730_cov_20.485303	100.000	1000	0	0	1	1000	99509	98510	0.0	1847	minus
NC_000913.2_Escherichia_coli_str._K-12_substr._MG1655,_complete_genome_2895000:2896000	SRR10358487_NODE_3_length_265730_cov_13.011318	100.000	1000	0	0	1	1000	99509	98510	0.0	1847	minus
NC_000913.2_Escherichia_coli_str._K-12_substr._MG1655,_complete_genome_2895000:2896000	SRR10358486_NODE_4_length_265730_cov_24.677873	100.000	1000	0	0	1	1000	166222	167221	0.0	1847	plus
NC_000913.2_Escherichia_coli_str._K-12_substr._MG1655,_complete_genome_2895000:2896000	SRR10358485_NODE_3_length_265727_cov_18.045960	100.000	1000	0	0	1	1000	166222	167221	0.0	1847	plus
NC_000913.2_Escherichia_coli_str._K-12_substr._MG1655,_complete_genome_2895000:2896000	ASM886v1_BA000007.2	98.200	1000	18	0	1	1000	3617096	3618095	0.0	1748	plus
NC_000913.2_Escherichia_coli_str._K-12_substr._MG1655,_complete_genome_2895000:2896000	ASM666v1_AE005174.2	98.200	1000	18	0	1	1000	3684394	3685393	0.0	1748	plus
NC_000913.2_Escherichia_coli_str._K-12_substr._MG1655,_complete_genome_2895000:2896000	ASM2222v1_CP001368.1	98.200	1000	18	0	1	1000	3676218	3677217	0.0	1748	plus
NC_000913.2_Escherichia_coli_str._K-12_substr._MG1655,_complete_genome_2895000:2896000	ASM17195v1_ABHQ01000001.1	98.200	1000	18	0	1	1000	365417	366416	0.0	1748	plus
NC_000913.2_Escherichia_coli_str._K-12_substr._MG1655,_complete_genome_2895000:2896000	ASM15512v1_CM000662.1	98.200	1000	18	0	1	1000	3155395	3154396	0.0	1748	minus
NC_000913.2_Escherichia_coli_str._K-12_substr._MG1655,_complete_genome_2895000:2896000	ASM2516v1_CP001846.1	97.900	1000	21	0	1	1000	3455049	3456048	0.0	1731	plus
