NC_000913.2_Escherichia_coli_str._K-12_substr._MG1655,_complete_genome_2980000:2981000	SRR10358491_NODE_3_length_265729_cov_14.094081	100.000	1000	0	0	1	1000	251221	252220	0.0	1847	plus
NC_000913.2_Escherichia_coli_str._K-12_substr._MG1655,_complete_genome_2980000:2981000	SRR10358489_NODE_4_length_265730_cov_16.911326	100.000	1000	0	0	1	1000	251222	252221	0.0	1847	plus
NC_000913.2_Escherichia_coli_str._K-12_substr._MG1655,_complete_genome_2980000:2981000	SRR10358488_NODE_3_length_265730_cov_20.485303	100.000	1000	0	0	1	1000	14509	13510	0.0	1847	minus
NC_000913.2_Escherichia_coli_str._K-12_substr._MG1655,_complete_genome_2980000:2981000	SRR10358487_NODE_3_length_265730_cov_13.011318	100.000	1000	0	0	1	1000	14509	13510	0.0	1847	minus
NC_000913.2_Escherichia_coli_str._K-12_substr._MG1655,_complete_genome_2980000:2981000	SRR10358486_NODE_4_length_265730_cov_24.677873	100.000	1000	0	0	1	1000	251222	252221	0.0	1847	plus
NC_000913.2_Escherichia_coli_str._K-12_substr._MG1655,_complete_genome_2980000:2981000	SRR10358485_NODE_3_length_265727_cov_18.045960	100.000	1000	0	0	1	1000	251219	252218	0.0	1847	plus
NC_000913.2_Escherichia_coli_str._K-12_substr._MG1655,_complete_genome_2980000:2981000	ASM886v1_BA000007.2	97.900	1000	21	0	1	1000	3704380	3705379	0.0	1731	plus
NC_000913.2_Escherichia_coli_str._K-12_substr._MG1655,_complete_genome_2980000:2981000	ASM2516v1_CP001846.1	97.900	1000	21	0	1	1000	3542456	3543455	0.0	1731	plus
NC_000913.2_Escherichia_coli_str._K-12_substr._MG1655,_complete_genome_2980000:2981000	ASM2222v1_CP001368.1	97.900	1000	21	0	1	1000	3763503	3764502	0.0	1731	plus
NC_000913.2_Escherichia_coli_str._K-12_substr._MG1655,_complete_genome_2980000:2981000	ASM17195v1_ABHQ01000001.1	97.900	1000	21	0	1	1000	452702	453701	0.0	1731	plus
NC_000913.2_Escherichia_coli_str._K-12_substr._MG1655,_complete_genome_2980000:2981000	ASM15512v1_CM000662.1	97.900	1000	21	0	1	1000	3068111	3067112	0.0	1731	minus
NC_000913.2_Escherichia_coli_str._K-12_substr._MG1655,_complete_genome_2980000:2981000	ASM666v1_AE005174.2	97.800	1000	22	0	1	1000	3771679	3772678	0.0	1727	plus
