NC_000913.2_Escherichia_coli_str._K-12_substr._MG1655,_complete_genome_2530000:2531000	SRR10358491_NODE_5_length_210722_cov_11.226102	100.000	1000	0	0	1	1000	16489	17488	0.0	1847	plus
NC_000913.2_Escherichia_coli_str._K-12_substr._MG1655,_complete_genome_2530000:2531000	SRR10358489_NODE_5_length_210722_cov_16.906422	100.000	1000	0	0	1	1000	16488	17487	0.0	1847	plus
NC_000913.2_Escherichia_coli_str._K-12_substr._MG1655,_complete_genome_2530000:2531000	SRR10358488_NODE_4_length_210723_cov_18.722716	100.000	1000	0	0	1	1000	16489	17488	0.0	1847	plus
NC_000913.2_Escherichia_coli_str._K-12_substr._MG1655,_complete_genome_2530000:2531000	SRR10358487_NODE_5_length_210723_cov_12.686608	100.000	1000	0	0	1	1000	194235	193236	0.0	1847	minus
NC_000913.2_Escherichia_coli_str._K-12_substr._MG1655,_complete_genome_2530000:2531000	SRR10358486_NODE_6_length_210723_cov_21.594005	100.000	1000	0	0	1	1000	194235	193236	0.0	1847	minus
NC_000913.2_Escherichia_coli_str._K-12_substr._MG1655,_complete_genome_2530000:2531000	SRR10358485_NODE_6_length_210724_cov_13.704744	100.000	1000	0	0	1	1000	16490	17489	0.0	1847	plus
NC_000913.2_Escherichia_coli_str._K-12_substr._MG1655,_complete_genome_2530000:2531000	ASM886v1_BA000007.2	99.300	1000	7	0	1	1000	3256370	3257369	0.0	1808	plus
NC_000913.2_Escherichia_coli_str._K-12_substr._MG1655,_complete_genome_2530000:2531000	ASM666v1_AE005174.2	99.300	1000	7	0	1	1000	3326204	3327203	0.0	1808	plus
NC_000913.2_Escherichia_coli_str._K-12_substr._MG1655,_complete_genome_2530000:2531000	ASM2516v1_CP001846.1	99.300	1000	7	0	1	1000	2997441	2998440	0.0	1808	plus
NC_000913.2_Escherichia_coli_str._K-12_substr._MG1655,_complete_genome_2530000:2531000	ASM2222v1_CP001368.1	99.300	1000	7	0	1	1000	3315358	3316357	0.0	1808	plus
NC_000913.2_Escherichia_coli_str._K-12_substr._MG1655,_complete_genome_2530000:2531000	ASM17195v1_ABHQ01000001.1	99.300	1000	7	0	1	1000	4562	5561	0.0	1808	plus
NC_000913.2_Escherichia_coli_str._K-12_substr._MG1655,_complete_genome_2530000:2531000	ASM15512v1_CM000662.1	99.300	1000	7	0	1	1000	3515891	3514892	0.0	1808	minus
