NC_000913.2_Escherichia_coli_str._K-12_substr._MG1655,_complete_genome_3625000:3626000	SRR10358491_NODE_40_length_26806_cov_21.410885	100.000	1000	0	0	1	1000	1628	2627	0.0	1847	plus
NC_000913.2_Escherichia_coli_str._K-12_substr._MG1655,_complete_genome_3625000:3626000	SRR10358489_NODE_39_length_26806_cov_16.322613	100.000	1000	0	0	1	1000	1628	2627	0.0	1847	plus
NC_000913.2_Escherichia_coli_str._K-12_substr._MG1655,_complete_genome_3625000:3626000	SRR10358488_NODE_40_length_26806_cov_20.064733	100.000	1000	0	0	1	1000	25179	24180	0.0	1847	minus
NC_000913.2_Escherichia_coli_str._K-12_substr._MG1655,_complete_genome_3625000:3626000	SRR10358487_NODE_40_length_26806_cov_12.882529	100.000	1000	0	0	1	1000	25179	24180	0.0	1847	minus
NC_000913.2_Escherichia_coli_str._K-12_substr._MG1655,_complete_genome_3625000:3626000	SRR10358486_NODE_40_length_26806_cov_25.340305	100.000	1000	0	0	1	1000	1628	2627	0.0	1847	plus
NC_000913.2_Escherichia_coli_str._K-12_substr._MG1655,_complete_genome_3625000:3626000	SRR10358485_NODE_40_length_26806_cov_20.878856	100.000	1000	0	0	1	1000	25179	24180	0.0	1847	minus
NC_000913.2_Escherichia_coli_str._K-12_substr._MG1655,_complete_genome_3625000:3626000	ASM886v1_BA000007.2	97.100	1000	29	0	1	1000	4361455	4362454	0.0	1687	plus
NC_000913.2_Escherichia_coli_str._K-12_substr._MG1655,_complete_genome_3625000:3626000	ASM666v1_AE005174.2	97.100	1000	29	0	1	1000	4428677	4429676	0.0	1687	plus
NC_000913.2_Escherichia_coli_str._K-12_substr._MG1655,_complete_genome_3625000:3626000	ASM15512v1_CM000662.1	97.100	1000	29	0	1	1000	2411043	2410044	0.0	1687	minus
NC_000913.2_Escherichia_coli_str._K-12_substr._MG1655,_complete_genome_3625000:3626000	ASM2516v1_CP001846.1	97.000	1000	30	0	1	1000	4250046	4251045	0.0	1681	plus
NC_000913.2_Escherichia_coli_str._K-12_substr._MG1655,_complete_genome_3625000:3626000	ASM2222v1_CP001368.1	97.000	1000	30	0	1	1000	4420573	4421572	0.0	1681	plus
NC_000913.2_Escherichia_coli_str._K-12_substr._MG1655,_complete_genome_3625000:3626000	ASM17195v1_ABHQ01000003.1	97.000	1000	30	0	1	1000	164846	165845	0.0	1681	plus
