NC_000913.2_Escherichia_coli_str._K-12_substr._MG1655,_complete_genome_4030000:4031000	SRR10358491_NODE_19_length_88592_cov_19.119188	100.000	1000	0	0	1	1000	85279	86278	0.0	1847	plus
NC_000913.2_Escherichia_coli_str._K-12_substr._MG1655,_complete_genome_4030000:4031000	SRR10358489_NODE_18_length_88592_cov_17.666388	100.000	1000	0	0	1	1000	85279	86278	0.0	1847	plus
NC_000913.2_Escherichia_coli_str._K-12_substr._MG1655,_complete_genome_4030000:4031000	SRR10358488_NODE_19_length_88592_cov_20.729113	100.000	1000	0	0	1	1000	85279	86278	0.0	1847	plus
NC_000913.2_Escherichia_coli_str._K-12_substr._MG1655,_complete_genome_4030000:4031000	SRR10358487_NODE_19_length_88743_cov_13.265246	100.000	1000	0	0	1	1000	85279	86278	0.0	1847	plus
NC_000913.2_Escherichia_coli_str._K-12_substr._MG1655,_complete_genome_4030000:4031000	SRR10358486_NODE_17_length_88592_cov_21.385079	100.000	1000	0	0	1	1000	85279	86278	0.0	1847	plus
NC_000913.2_Escherichia_coli_str._K-12_substr._MG1655,_complete_genome_4030000:4031000	SRR10358485_NODE_19_length_88598_cov_17.871834	100.000	1000	0	0	1	1000	3320	2321	0.0	1847	minus
NC_000913.2_Escherichia_coli_str._K-12_substr._MG1655,_complete_genome_4030000:4031000	ASM886v1_BA000007.2	98.000	1000	20	0	1	1000	4828098	4829097	0.0	1736	plus
NC_000913.2_Escherichia_coli_str._K-12_substr._MG1655,_complete_genome_4030000:4031000	ASM666v1_AE005174.2	98.000	1000	20	0	1	1000	4896862	4897861	0.0	1736	plus
NC_000913.2_Escherichia_coli_str._K-12_substr._MG1655,_complete_genome_4030000:4031000	ASM2222v1_CP001368.1	98.000	1000	20	0	1	1000	4887273	4888272	0.0	1736	plus
NC_000913.2_Escherichia_coli_str._K-12_substr._MG1655,_complete_genome_4030000:4031000	ASM17195v1_ABHQ01000006.1	98.000	1000	20	0	1	1000	110215	111214	0.0	1736	plus
NC_000913.2_Escherichia_coli_str._K-12_substr._MG1655,_complete_genome_4030000:4031000	ASM15512v1_CM000662.1	98.000	1000	20	0	1	1000	1931549	1930550	0.0	1736	minus
NC_000913.2_Escherichia_coli_str._K-12_substr._MG1655,_complete_genome_4030000:4031000	ASM2516v1_CP001846.1	97.900	1000	21	0	1	1000	4715376	4716375	0.0	1731	plus
