NC_000913.2_Escherichia_coli_str._K-12_substr._MG1655,_complete_genome_4450000:4451000	SRR10358491_NODE_11_length_172974_cov_18.551927	100.000	1000	0	0	1	1000	126020	127019	0.0	1847	plus
NC_000913.2_Escherichia_coli_str._K-12_substr._MG1655,_complete_genome_4450000:4451000	SRR10358489_NODE_10_length_172972_cov_18.049426	100.000	1000	0	0	1	1000	46955	45956	0.0	1847	minus
NC_000913.2_Escherichia_coli_str._K-12_substr._MG1655,_complete_genome_4450000:4451000	SRR10358488_NODE_10_length_172972_cov_22.460765	100.000	1000	0	0	1	1000	46955	45956	0.0	1847	minus
NC_000913.2_Escherichia_coli_str._K-12_substr._MG1655,_complete_genome_4450000:4451000	SRR10358487_NODE_2_length_285698_cov_13.222764	100.000	1000	0	0	1	1000	46955	45956	0.0	1847	minus
NC_000913.2_Escherichia_coli_str._K-12_substr._MG1655,_complete_genome_4450000:4451000	SRR10358486_NODE_10_length_172972_cov_23.959264	100.000	1000	0	0	1	1000	46955	45956	0.0	1847	minus
NC_000913.2_Escherichia_coli_str._K-12_substr._MG1655,_complete_genome_4450000:4451000	SRR10358485_NODE_11_length_172971_cov_19.874112	100.000	1000	0	0	1	1000	46955	45956	0.0	1847	minus
NC_000913.2_Escherichia_coli_str._K-12_substr._MG1655,_complete_genome_4450000:4451000	ASM2516v1_CP001846.1	97.500	1000	25	0	1	1000	5155851	5156850	0.0	1709	plus
NC_000913.2_Escherichia_coli_str._K-12_substr._MG1655,_complete_genome_4450000:4451000	ASM886v1_BA000007.2	97.400	1000	26	0	1	1000	5307458	5308457	0.0	1703	plus
NC_000913.2_Escherichia_coli_str._K-12_substr._MG1655,_complete_genome_4450000:4451000	ASM666v1_AE005174.2	97.400	1000	26	0	1	1000	5337444	5338443	0.0	1703	plus
NC_000913.2_Escherichia_coli_str._K-12_substr._MG1655,_complete_genome_4450000:4451000	ASM2222v1_CP001368.1	97.400	1000	26	0	1	1000	5338702	5339701	0.0	1703	plus
NC_000913.2_Escherichia_coli_str._K-12_substr._MG1655,_complete_genome_4450000:4451000	ASM17195v1_ABHQ01000017.1	97.400	1000	26	0	1	1000	20026	21025	0.0	1703	plus
NC_000913.2_Escherichia_coli_str._K-12_substr._MG1655,_complete_genome_4450000:4451000	ASM15512v1_CM000662.1	97.400	1000	26	0	1	1000	1490943	1489944	0.0	1703	minus
