NC_000913.2_Escherichia_coli_str._K-12_substr._MG1655,_complete_genome_3450000:3451000	SRR10358491_NODE_30_length_41423_cov_17.655172	100.000	1000	0	0	1	1000	23112	24111	0.0	1847	plus
NC_000913.2_Escherichia_coli_str._K-12_substr._MG1655,_complete_genome_3450000:3451000	SRR10358489_NODE_27_length_41423_cov_17.252785	100.000	1000	0	0	1	1000	23112	24111	0.0	1847	plus
NC_000913.2_Escherichia_coli_str._K-12_substr._MG1655,_complete_genome_3450000:3451000	SRR10358488_NODE_30_length_41423_cov_22.722007	100.000	1000	0	0	1	1000	23112	24111	0.0	1847	plus
NC_000913.2_Escherichia_coli_str._K-12_substr._MG1655,_complete_genome_3450000:3451000	SRR10358487_NODE_31_length_41423_cov_14.012035	100.000	1000	0	0	1	1000	18312	17313	0.0	1847	minus
NC_000913.2_Escherichia_coli_str._K-12_substr._MG1655,_complete_genome_3450000:3451000	SRR10358486_NODE_29_length_41423_cov_25.170404	100.000	1000	0	0	1	1000	18312	17313	0.0	1847	minus
NC_000913.2_Escherichia_coli_str._K-12_substr._MG1655,_complete_genome_3450000:3451000	SRR10358485_NODE_30_length_41423_cov_19.786275	100.000	1000	0	0	1	1000	23112	24111	0.0	1847	plus
NC_000913.2_Escherichia_coli_str._K-12_substr._MG1655,_complete_genome_3450000:3451000	ASM2516v1_CP001846.1	100.000	1000	0	0	1	1000	4075719	4076718	0.0	1847	plus
NC_000913.2_Escherichia_coli_str._K-12_substr._MG1655,_complete_genome_3450000:3451000	ASM886v1_BA000007.2	99.900	1000	1	0	1	1000	4186991	4187990	0.0	1842	plus
NC_000913.2_Escherichia_coli_str._K-12_substr._MG1655,_complete_genome_3450000:3451000	ASM666v1_AE005174.2	99.900	1000	1	0	1	1000	4254213	4255212	0.0	1842	plus
NC_000913.2_Escherichia_coli_str._K-12_substr._MG1655,_complete_genome_3450000:3451000	ASM2222v1_CP001368.1	99.900	1000	1	0	1	1000	4246112	4247111	0.0	1842	plus
NC_000913.2_Escherichia_coli_str._K-12_substr._MG1655,_complete_genome_3450000:3451000	ASM15512v1_CM000662.1	99.900	1000	1	0	1	1000	2585475	2584476	0.0	1842	minus
NC_000913.2_Escherichia_coli_str._K-12_substr._MG1655,_complete_genome_3450000:3451000	ASM17195v1_ABHQ01000052.1	99.888	895	1	0	1	895	895	1	0.0	1648	minus
