NC_000913.2_Escherichia_coli_str._K-12_substr._MG1655,_complete_genome_2390000:2391000	SRR10358491_NODE_4_length_224192_cov_11.038949	100.000	1000	0	0	1	1000	122423	121424	0.0	1847	minus
NC_000913.2_Escherichia_coli_str._K-12_substr._MG1655,_complete_genome_2390000:2391000	SRR10358489_NODE_6_length_209744_cov_17.155574	100.000	1000	0	0	1	1000	87324	88323	0.0	1847	plus
NC_000913.2_Escherichia_coli_str._K-12_substr._MG1655,_complete_genome_2390000:2391000	SRR10358488_NODE_5_length_209744_cov_17.813722	100.000	1000	0	0	1	1000	87324	88323	0.0	1847	plus
NC_000913.2_Escherichia_coli_str._K-12_substr._MG1655,_complete_genome_2390000:2391000	SRR10358487_NODE_6_length_209744_cov_13.217979	100.000	1000	0	0	1	1000	87324	88323	0.0	1847	plus
NC_000913.2_Escherichia_coli_str._K-12_substr._MG1655,_complete_genome_2390000:2391000	SRR10358486_NODE_5_length_224417_cov_23.200682	100.000	1000	0	0	1	1000	101997	102996	0.0	1847	plus
NC_000913.2_Escherichia_coli_str._K-12_substr._MG1655,_complete_genome_2390000:2391000	SRR10358485_NODE_7_length_196189_cov_15.353786	100.000	1000	0	0	1	1000	94419	93420	0.0	1847	minus
NC_000913.2_Escherichia_coli_str._K-12_substr._MG1655,_complete_genome_2390000:2391000	ASM886v1_BA000007.2	97.600	1000	24	0	1	1000	3118082	3119081	0.0	1714	plus
NC_000913.2_Escherichia_coli_str._K-12_substr._MG1655,_complete_genome_2390000:2391000	ASM666v1_AE005174.2	97.600	1000	24	0	1	1000	3188038	3189037	0.0	1714	plus
NC_000913.2_Escherichia_coli_str._K-12_substr._MG1655,_complete_genome_2390000:2391000	ASM2516v1_CP001846.1	97.600	1000	24	0	1	1000	2858967	2859966	0.0	1714	plus
NC_000913.2_Escherichia_coli_str._K-12_substr._MG1655,_complete_genome_2390000:2391000	ASM2222v1_CP001368.1	97.600	1000	24	0	1	1000	3114315	3115314	0.0	1714	plus
NC_000913.2_Escherichia_coli_str._K-12_substr._MG1655,_complete_genome_2390000:2391000	ASM17195v1_ABHQ01000004.1	97.600	1000	24	0	1	1000	159818	160817	0.0	1714	plus
NC_000913.2_Escherichia_coli_str._K-12_substr._MG1655,_complete_genome_2390000:2391000	ASM15512v1_CM000662.1	97.600	1000	24	0	1	1000	3715347	3714348	0.0	1714	minus
