NC_000913.2_Escherichia_coli_str._K-12_substr._MG1655,_complete_genome_1375000:1376000	SRR10358491_NODE_2_length_297749_cov_9.123549	100.000	1000	0	0	1	1000	278502	279501	0.0	1847	plus
NC_000913.2_Escherichia_coli_str._K-12_substr._MG1655,_complete_genome_1375000:1376000	SRR10358489_NODE_3_length_282492_cov_16.393724	100.000	1000	0	0	1	1000	263299	264298	0.0	1847	plus
NC_000913.2_Escherichia_coli_str._K-12_substr._MG1655,_complete_genome_1375000:1376000	SRR10358488_NODE_2_length_297749_cov_17.298217	100.000	1000	0	0	1	1000	19248	18249	0.0	1847	minus
NC_000913.2_Escherichia_coli_str._K-12_substr._MG1655,_complete_genome_1375000:1376000	SRR10358487_NODE_13_length_124762_cov_12.884864	100.000	1000	0	0	1	1000	19248	18249	0.0	1847	minus
NC_000913.2_Escherichia_coli_str._K-12_substr._MG1655,_complete_genome_1375000:1376000	SRR10358486_NODE_3_length_282546_cov_23.823528	100.000	1000	0	0	1	1000	19248	18249	0.0	1847	minus
NC_000913.2_Escherichia_coli_str._K-12_substr._MG1655,_complete_genome_1375000:1376000	SRR10358485_NODE_2_length_297748_cov_15.299391	100.000	1000	0	0	1	1000	19248	18249	0.0	1847	minus
NC_000913.2_Escherichia_coli_str._K-12_substr._MG1655,_complete_genome_1375000:1376000	ASM886v1_BA000007.2	99.000	1000	10	0	1	1000	1884791	1885790	0.0	1792	plus
NC_000913.2_Escherichia_coli_str._K-12_substr._MG1655,_complete_genome_1375000:1376000	ASM666v1_AE005174.2	99.000	1000	10	0	1	1000	2202377	2201378	0.0	1792	minus
NC_000913.2_Escherichia_coli_str._K-12_substr._MG1655,_complete_genome_1375000:1376000	ASM2516v1_CP001846.1	99.000	1000	10	0	1	1000	1696878	1697877	0.0	1792	plus
NC_000913.2_Escherichia_coli_str._K-12_substr._MG1655,_complete_genome_1375000:1376000	ASM2222v1_CP001368.1	99.000	1000	10	0	1	1000	1850782	1851781	0.0	1792	plus
NC_000913.2_Escherichia_coli_str._K-12_substr._MG1655,_complete_genome_1375000:1376000	ASM17195v1_ABHQ01000018.1	99.000	1000	10	0	1	1000	15913	16912	0.0	1792	plus
NC_000913.2_Escherichia_coli_str._K-12_substr._MG1655,_complete_genome_1375000:1376000	ASM15512v1_CM000662.1	99.000	1000	10	0	1	1000	4917380	4916381	0.0	1792	minus
