NC_000913.2_Escherichia_coli_str._K-12_substr._MG1655,_complete_genome_3265000:3266000	SRR10358489_NODE_8_length_178400_cov_17.052077	100.000	1000	0	0	1	1000	98721	97722	0.0	1847	minus
NC_000913.2_Escherichia_coli_str._K-12_substr._MG1655,_complete_genome_3265000:3266000	SRR10358486_NODE_9_length_178400_cov_23.318584	100.000	1000	0	0	1	1000	98721	97722	0.0	1847	minus
NC_000913.2_Escherichia_coli_str._K-12_substr._MG1655,_complete_genome_3265000:3266000	SRR10358485_NODE_10_length_178399_cov_18.076540	100.000	1000	0	0	1	1000	79680	80679	0.0	1847	plus
NC_000913.2_Escherichia_coli_str._K-12_substr._MG1655,_complete_genome_3265000:3266000	SRR10358491_NODE_9_length_178399_cov_16.549290	99.900	1000	1	0	1	1000	79680	80679	0.0	1842	plus
NC_000913.2_Escherichia_coli_str._K-12_substr._MG1655,_complete_genome_3265000:3266000	SRR10358488_NODE_8_length_178400_cov_20.036747	99.900	1000	1	0	1	1000	79680	80679	0.0	1842	plus
NC_000913.2_Escherichia_coli_str._K-12_substr._MG1655,_complete_genome_3265000:3266000	ASM2516v1_CP001846.1	98.900	1000	11	0	1	1000	3896363	3897362	0.0	1786	plus
NC_000913.2_Escherichia_coli_str._K-12_substr._MG1655,_complete_genome_3265000:3266000	ASM886v1_BA000007.2	98.700	1000	13	0	1	1000	4006608	4007607	0.0	1775	plus
NC_000913.2_Escherichia_coli_str._K-12_substr._MG1655,_complete_genome_3265000:3266000	ASM666v1_AE005174.2	98.700	1000	13	0	1	1000	4073824	4074823	0.0	1775	plus
NC_000913.2_Escherichia_coli_str._K-12_substr._MG1655,_complete_genome_3265000:3266000	ASM15512v1_CM000662.1	98.700	1000	13	0	1	1000	2765881	2764882	0.0	1775	minus
NC_000913.2_Escherichia_coli_str._K-12_substr._MG1655,_complete_genome_3265000:3266000	ASM2222v1_CP001368.1	98.600	1000	14	0	1	1000	4065732	4066731	0.0	1770	plus
NC_000913.2_Escherichia_coli_str._K-12_substr._MG1655,_complete_genome_3265000:3266000	ASM17195v1_ABHQ01000008.1	98.600	1000	14	0	1	1000	56297	57296	0.0	1770	plus
NC_000913.2_Escherichia_coli_str._K-12_substr._MG1655,_complete_genome_3265000:3266000	SRR10358487_NODE_16_length_98660_cov_13.417484	100.000	832	0	0	169	1000	125	956	0.0	1537	plus
