NC_000913.2_Escherichia_coli_str._K-12_substr._MG1655,_complete_genome_1160000:1161000	SRR10358489_NODE_3_length_282492_cov_16.393724	100.000	1000	0	0	1	1000	63503	64502	0.0	1847	plus
NC_000913.2_Escherichia_coli_str._K-12_substr._MG1655,_complete_genome_1160000:1161000	SRR10358488_NODE_2_length_297749_cov_17.298217	100.000	1000	0	0	1	1000	234247	233248	0.0	1847	minus
NC_000913.2_Escherichia_coli_str._K-12_substr._MG1655,_complete_genome_1160000:1161000	SRR10358487_NODE_9_length_159351_cov_12.740033	100.000	1000	0	0	1	1000	94308	93309	0.0	1847	minus
NC_000913.2_Escherichia_coli_str._K-12_substr._MG1655,_complete_genome_1160000:1161000	SRR10358486_NODE_3_length_282546_cov_23.823528	100.000	1000	0	0	1	1000	219044	218045	0.0	1847	minus
NC_000913.2_Escherichia_coli_str._K-12_substr._MG1655,_complete_genome_1160000:1161000	SRR10358485_NODE_2_length_297748_cov_15.299391	100.000	1000	0	0	1	1000	234246	233247	0.0	1847	minus
NC_000913.2_Escherichia_coli_str._K-12_substr._MG1655,_complete_genome_1160000:1161000	SRR10358491_NODE_2_length_297749_cov_9.123549	99.900	1000	0	1	1	1000	63503	64501	0.0	1840	plus
NC_000913.2_Escherichia_coli_str._K-12_substr._MG1655,_complete_genome_1160000:1161000	ASM886v1_BA000007.2	98.221	1012	6	4	1	1000	1519873	1520884	0.0	1759	plus
NC_000913.2_Escherichia_coli_str._K-12_substr._MG1655,_complete_genome_1160000:1161000	ASM2516v1_CP001846.1	98.400	1000	7	1	1	1000	1418319	1419309	0.0	1749	plus
NC_000913.2_Escherichia_coli_str._K-12_substr._MG1655,_complete_genome_1160000:1161000	ASM2222v1_CP001368.1	97.642	1018	6	4	1	1000	1463746	1464763	0.0	1731	plus
NC_000913.2_Escherichia_coli_str._K-12_substr._MG1655,_complete_genome_1160000:1161000	ASM17195v1_ABHQ01000025.1	97.642	1018	6	4	1	1000	5677	6694	0.0	1731	plus
NC_000913.2_Escherichia_coli_str._K-12_substr._MG1655,_complete_genome_1160000:1161000	ASM15512v1_CM000662.1	97.642	1018	6	4	1	1000	5311378	5310361	0.0	1731	minus
NC_000913.2_Escherichia_coli_str._K-12_substr._MG1655,_complete_genome_1160000:1161000	ASM666v1_AE005174.2	97.157	1020	9	5	1	1000	1604960	1605979	0.0	1712	plus
