NC_000913.2_Escherichia_coli_str._K-12_substr._MG1655,_complete_genome_3380000:3381000	SRR10358489_NODE_25_length_57161_cov_17.423239	100.000	1000	0	0	1	1000	15352	16351	0.0	1847	plus
NC_000913.2_Escherichia_coli_str._K-12_substr._MG1655,_complete_genome_3380000:3381000	SRR10358488_NODE_26_length_57161_cov_21.299383	100.000	1000	0	0	1	1000	15352	16351	0.0	1847	plus
NC_000913.2_Escherichia_coli_str._K-12_substr._MG1655,_complete_genome_3380000:3381000	SRR10358487_NODE_27_length_57161_cov_13.392099	100.000	1000	0	0	1	1000	41810	40811	0.0	1847	minus
NC_000913.2_Escherichia_coli_str._K-12_substr._MG1655,_complete_genome_3380000:3381000	SRR10358486_NODE_24_length_57161_cov_23.028790	100.000	1000	0	0	1	1000	15352	16351	0.0	1847	plus
NC_000913.2_Escherichia_coli_str._K-12_substr._MG1655,_complete_genome_3380000:3381000	SRR10358491_NODE_26_length_57161_cov_16.956254	100.000	997	0	0	1	997	15352	16348	0.0	1842	plus
NC_000913.2_Escherichia_coli_str._K-12_substr._MG1655,_complete_genome_3380000:3381000	SRR10358485_NODE_26_length_57162_cov_18.253984	99.900	1000	1	0	1	1000	41811	40812	0.0	1842	minus
NC_000913.2_Escherichia_coli_str._K-12_substr._MG1655,_complete_genome_3380000:3381000	ASM886v1_BA000007.2	99.400	1000	6	0	1	1000	4117215	4118214	0.0	1814	plus
NC_000913.2_Escherichia_coli_str._K-12_substr._MG1655,_complete_genome_3380000:3381000	ASM2516v1_CP001846.1	99.400	1000	6	0	1	1000	4005989	4006988	0.0	1814	plus
NC_000913.2_Escherichia_coli_str._K-12_substr._MG1655,_complete_genome_3380000:3381000	ASM2222v1_CP001368.1	99.400	1000	6	0	1	1000	4175023	4176022	0.0	1814	plus
NC_000913.2_Escherichia_coli_str._K-12_substr._MG1655,_complete_genome_3380000:3381000	ASM17195v1_ABHQ01000008.1	99.400	1000	6	0	1	1000	165588	166587	0.0	1814	plus
NC_000913.2_Escherichia_coli_str._K-12_substr._MG1655,_complete_genome_3380000:3381000	ASM15512v1_CM000662.1	99.400	1000	6	0	1	1000	2655273	2654274	0.0	1814	minus
NC_000913.2_Escherichia_coli_str._K-12_substr._MG1655,_complete_genome_3380000:3381000	ASM666v1_AE005174.2	99.300	1000	7	0	1	1000	4184432	4185431	0.0	1810	plus
