NC_000913.2_Escherichia_coli_str._K-12_substr._MG1655,_complete_genome_1940000:1941000	SRR10358491_NODE_7_length_205567_cov_8.951061	100.000	1000	0	0	1	1000	123549	122550	0.0	1847	minus
NC_000913.2_Escherichia_coli_str._K-12_substr._MG1655,_complete_genome_1940000:1941000	SRR10358489_NODE_1_length_414105_cov_16.439444	100.000	1000	0	0	1	1000	123550	122551	0.0	1847	minus
NC_000913.2_Escherichia_coli_str._K-12_substr._MG1655,_complete_genome_1940000:1941000	SRR10358488_NODE_1_length_414105_cov_16.407519	100.000	1000	0	0	1	1000	123550	122551	0.0	1847	minus
NC_000913.2_Escherichia_coli_str._K-12_substr._MG1655,_complete_genome_1940000:1941000	SRR10358487_NODE_1_length_414105_cov_12.682679	100.000	1000	0	0	1	1000	290556	291555	0.0	1847	plus
NC_000913.2_Escherichia_coli_str._K-12_substr._MG1655,_complete_genome_1940000:1941000	SRR10358486_NODE_1_length_414105_cov_23.445681	100.000	1000	0	0	1	1000	290556	291555	0.0	1847	plus
NC_000913.2_Escherichia_coli_str._K-12_substr._MG1655,_complete_genome_1940000:1941000	SRR10358485_NODE_8_length_185826_cov_15.041890	100.000	1000	0	0	1	1000	123551	122552	0.0	1847	minus
NC_000913.2_Escherichia_coli_str._K-12_substr._MG1655,_complete_genome_1940000:1941000	ASM886v1_BA000007.2	99.200	1000	8	0	1	1000	2543808	2544807	0.0	1803	plus
NC_000913.2_Escherichia_coli_str._K-12_substr._MG1655,_complete_genome_1940000:1941000	ASM2222v1_CP001368.1	99.200	1000	8	0	1	1000	2449083	2450082	0.0	1803	plus
NC_000913.2_Escherichia_coli_str._K-12_substr._MG1655,_complete_genome_1940000:1941000	ASM17195v1_ABHQ01000021.1	99.200	1000	8	0	1	1000	35269	36268	0.0	1803	plus
NC_000913.2_Escherichia_coli_str._K-12_substr._MG1655,_complete_genome_1940000:1941000	ASM15512v1_CM000662.1	99.200	1000	8	0	1	1000	4289548	4288549	0.0	1803	minus
NC_000913.2_Escherichia_coli_str._K-12_substr._MG1655,_complete_genome_1940000:1941000	ASM2516v1_CP001846.1	99.100	1000	9	0	1	1000	2334766	2335765	0.0	1797	plus
NC_000913.2_Escherichia_coli_str._K-12_substr._MG1655,_complete_genome_1940000:1941000	ASM666v1_AE005174.2	99.000	1000	10	0	1	1000	2619016	2620015	0.0	1794	plus
