NC_000913.2_Escherichia_coli_str._K-12_substr._MG1655,_complete_genome_1770000:1771000	SRR10358491_NODE_6_length_208552_cov_7.941471	100.000	1000	0	0	1	1000	120554	121553	0.0	1847	plus
NC_000913.2_Escherichia_coli_str._K-12_substr._MG1655,_complete_genome_1770000:1771000	SRR10358489_NODE_1_length_414105_cov_16.439444	100.000	1000	0	0	1	1000	293550	292551	0.0	1847	minus
NC_000913.2_Escherichia_coli_str._K-12_substr._MG1655,_complete_genome_1770000:1771000	SRR10358488_NODE_1_length_414105_cov_16.407519	100.000	1000	0	0	1	1000	293550	292551	0.0	1847	minus
NC_000913.2_Escherichia_coli_str._K-12_substr._MG1655,_complete_genome_1770000:1771000	SRR10358487_NODE_1_length_414105_cov_12.682679	100.000	1000	0	0	1	1000	120556	121555	0.0	1847	plus
NC_000913.2_Escherichia_coli_str._K-12_substr._MG1655,_complete_genome_1770000:1771000	SRR10358486_NODE_1_length_414105_cov_23.445681	100.000	1000	0	0	1	1000	120556	121555	0.0	1847	plus
NC_000913.2_Escherichia_coli_str._K-12_substr._MG1655,_complete_genome_1770000:1771000	SRR10358485_NODE_5_length_228539_cov_14.517368	100.000	1000	0	0	1	1000	107984	106985	0.0	1847	minus
NC_000913.2_Escherichia_coli_str._K-12_substr._MG1655,_complete_genome_1770000:1771000	ASM886v1_BA000007.2	99.800	1000	2	0	1	1000	2371689	2372688	0.0	1836	plus
NC_000913.2_Escherichia_coli_str._K-12_substr._MG1655,_complete_genome_1770000:1771000	ASM666v1_AE005174.2	99.800	1000	2	0	1	1000	2446885	2447884	0.0	1836	plus
NC_000913.2_Escherichia_coli_str._K-12_substr._MG1655,_complete_genome_1770000:1771000	ASM2222v1_CP001368.1	99.800	1000	2	0	1	1000	2276965	2277964	0.0	1836	plus
NC_000913.2_Escherichia_coli_str._K-12_substr._MG1655,_complete_genome_1770000:1771000	ASM17195v1_ABHQ01000013.1	99.800	1000	2	0	1	1000	14488	15487	0.0	1836	plus
NC_000913.2_Escherichia_coli_str._K-12_substr._MG1655,_complete_genome_1770000:1771000	ASM15512v1_CM000662.1	99.800	1000	2	0	1	1000	4462977	4461978	0.0	1836	minus
NC_000913.2_Escherichia_coli_str._K-12_substr._MG1655,_complete_genome_1770000:1771000	ASM2516v1_CP001846.1	98.900	1000	2	1	1	1000	2128995	2129985	0.0	1777	plus
