NC_000913.2_Escherichia_coli_str._K-12_substr._MG1655,_complete_genome_3430000:3431000	SRR10358491_NODE_30_length_41423_cov_17.655172	100.000	1000	0	0	1	1000	3112	4111	0.0	1847	plus
NC_000913.2_Escherichia_coli_str._K-12_substr._MG1655,_complete_genome_3430000:3431000	SRR10358489_NODE_27_length_41423_cov_17.252785	100.000	1000	0	0	1	1000	3112	4111	0.0	1847	plus
NC_000913.2_Escherichia_coli_str._K-12_substr._MG1655,_complete_genome_3430000:3431000	SRR10358488_NODE_30_length_41423_cov_22.722007	100.000	1000	0	0	1	1000	3112	4111	0.0	1847	plus
NC_000913.2_Escherichia_coli_str._K-12_substr._MG1655,_complete_genome_3430000:3431000	SRR10358487_NODE_31_length_41423_cov_14.012035	100.000	1000	0	0	1	1000	38312	37313	0.0	1847	minus
NC_000913.2_Escherichia_coli_str._K-12_substr._MG1655,_complete_genome_3430000:3431000	SRR10358486_NODE_29_length_41423_cov_25.170404	100.000	1000	0	0	1	1000	38312	37313	0.0	1847	minus
NC_000913.2_Escherichia_coli_str._K-12_substr._MG1655,_complete_genome_3430000:3431000	SRR10358485_NODE_30_length_41423_cov_19.786275	100.000	1000	0	0	1	1000	3112	4111	0.0	1847	plus
NC_000913.2_Escherichia_coli_str._K-12_substr._MG1655,_complete_genome_3430000:3431000	ASM886v1_BA000007.2	97.600	1000	24	0	1	1000	4166991	4167990	0.0	1714	plus
NC_000913.2_Escherichia_coli_str._K-12_substr._MG1655,_complete_genome_3430000:3431000	ASM15512v1_CM000662.1	97.600	1000	24	0	1	1000	2605475	2604476	0.0	1714	minus
NC_000913.2_Escherichia_coli_str._K-12_substr._MG1655,_complete_genome_3430000:3431000	ASM666v1_AE005174.2	97.500	1000	25	0	1	1000	4234213	4235212	0.0	1711	plus
NC_000913.2_Escherichia_coli_str._K-12_substr._MG1655,_complete_genome_3430000:3431000	ASM2516v1_CP001846.1	97.500	1000	25	0	1	1000	4055719	4056718	0.0	1709	plus
NC_000913.2_Escherichia_coli_str._K-12_substr._MG1655,_complete_genome_3430000:3431000	ASM2222v1_CP001368.1	97.500	1000	25	0	1	1000	4226112	4227111	0.0	1709	plus
NC_000913.2_Escherichia_coli_str._K-12_substr._MG1655,_complete_genome_3430000:3431000	ASM17195v1_ABHQ01000030.1	97.500	1000	25	0	1	1000	27788	28787	0.0	1709	plus
