NC_000913.2_Escherichia_coli_str._K-12_substr._MG1655,_complete_genome_1585000:1586000	SRR10358491_NODE_23_length_61401_cov_8.235238	100.000	1000	0	0	1	1000	15302	16301	0.0	1847	plus
NC_000913.2_Escherichia_coli_str._K-12_substr._MG1655,_complete_genome_1585000:1586000	SRR10358489_NODE_22_length_61401_cov_16.196935	100.000	1000	0	0	1	1000	46100	45101	0.0	1847	minus
NC_000913.2_Escherichia_coli_str._K-12_substr._MG1655,_complete_genome_1585000:1586000	SRR10358488_NODE_23_length_61401_cov_14.802151	100.000	1000	0	0	1	1000	46100	45101	0.0	1847	minus
NC_000913.2_Escherichia_coli_str._K-12_substr._MG1655,_complete_genome_1585000:1586000	SRR10358487_NODE_24_length_61401_cov_12.485426	100.000	1000	0	0	1	1000	46100	45101	0.0	1847	minus
NC_000913.2_Escherichia_coli_str._K-12_substr._MG1655,_complete_genome_1585000:1586000	SRR10358486_NODE_21_length_61401_cov_26.849757	100.000	1000	0	0	1	1000	15302	16301	0.0	1847	plus
NC_000913.2_Escherichia_coli_str._K-12_substr._MG1655,_complete_genome_1585000:1586000	SRR10358485_NODE_23_length_61402_cov_17.404570	99.900	1000	1	0	1	1000	46101	45102	0.0	1842	minus
NC_000913.2_Escherichia_coli_str._K-12_substr._MG1655,_complete_genome_1585000:1586000	ASM886v1_BA000007.2	97.605	1002	21	3	1	1000	2108222	2109222	0.0	1714	plus
NC_000913.2_Escherichia_coli_str._K-12_substr._MG1655,_complete_genome_1585000:1586000	ASM666v1_AE005174.2	97.605	1002	21	3	1	1000	1980250	1979250	0.0	1714	minus
NC_000913.2_Escherichia_coli_str._K-12_substr._MG1655,_complete_genome_1585000:1586000	ASM2516v1_CP001846.1	97.605	1002	21	3	1	1000	1912520	1913520	0.0	1714	plus
NC_000913.2_Escherichia_coli_str._K-12_substr._MG1655,_complete_genome_1585000:1586000	ASM2222v1_CP001368.1	97.605	1002	21	3	1	1000	2021799	2022799	0.0	1714	plus
NC_000913.2_Escherichia_coli_str._K-12_substr._MG1655,_complete_genome_1585000:1586000	ASM17195v1_ABHQ01000009.1	97.605	1002	21	3	1	1000	87213	88213	0.0	1714	plus
