NC_000913.2_Escherichia_coli_str._K-12_substr._MG1655,_complete_genome_3165000:3166000	SRR10358491_NODE_27_length_55003_cov_15.707049	100.000	1000	0	0	1	1000	19242	18243	0.0	1847	minus
NC_000913.2_Escherichia_coli_str._K-12_substr._MG1655,_complete_genome_3165000:3166000	SRR10358489_NODE_26_length_55004_cov_17.735044	100.000	1000	0	0	1	1000	19243	18244	0.0	1847	minus
NC_000913.2_Escherichia_coli_str._K-12_substr._MG1655,_complete_genome_3165000:3166000	SRR10358488_NODE_27_length_55004_cov_19.342420	100.000	1000	0	0	1	1000	19243	18244	0.0	1847	minus
NC_000913.2_Escherichia_coli_str._K-12_substr._MG1655,_complete_genome_3165000:3166000	SRR10358487_NODE_28_length_55003_cov_13.196789	100.000	1000	0	0	1	1000	19243	18244	0.0	1847	minus
NC_000913.2_Escherichia_coli_str._K-12_substr._MG1655,_complete_genome_3165000:3166000	SRR10358486_NODE_25_length_55005_cov_22.393382	100.000	1000	0	0	1	1000	35762	36761	0.0	1847	plus
NC_000913.2_Escherichia_coli_str._K-12_substr._MG1655,_complete_genome_3165000:3166000	SRR10358485_NODE_27_length_55004_cov_17.457933	100.000	1000	0	0	1	1000	19243	18244	0.0	1847	minus
NC_000913.2_Escherichia_coli_str._K-12_substr._MG1655,_complete_genome_3165000:3166000	ASM886v1_BA000007.2	99.524	841	4	0	1	841	3907330	3908170	0.0	1531	plus
NC_000913.2_Escherichia_coli_str._K-12_substr._MG1655,_complete_genome_3165000:3166000	ASM666v1_AE005174.2	99.524	841	4	0	1	841	3974644	3975484	0.0	1531	plus
NC_000913.2_Escherichia_coli_str._K-12_substr._MG1655,_complete_genome_3165000:3166000	ASM2516v1_CP001846.1	99.524	841	4	0	1	841	3797083	3797923	0.0	1531	plus
NC_000913.2_Escherichia_coli_str._K-12_substr._MG1655,_complete_genome_3165000:3166000	ASM2222v1_CP001368.1	99.524	841	4	0	1	841	3966453	3967293	0.0	1531	plus
NC_000913.2_Escherichia_coli_str._K-12_substr._MG1655,_complete_genome_3165000:3166000	ASM17195v1_ABHQ01000011.1	99.524	841	4	0	1	841	114300	115140	0.0	1531	plus
NC_000913.2_Escherichia_coli_str._K-12_substr._MG1655,_complete_genome_3165000:3166000	ASM15512v1_CM000662.1	99.524	841	4	0	1	841	2865159	2864319	0.0	1531	minus
