NC_000913.2_Escherichia_coli_str._K-12_substr._MG1655,_complete_genome_3135000:3136000	SRR10358491_NODE_27_length_55003_cov_15.707049	100.000	1000	0	0	1	1000	49242	48243	0.0	1847	minus
NC_000913.2_Escherichia_coli_str._K-12_substr._MG1655,_complete_genome_3135000:3136000	SRR10358489_NODE_26_length_55004_cov_17.735044	100.000	1000	0	0	1	1000	49243	48244	0.0	1847	minus
NC_000913.2_Escherichia_coli_str._K-12_substr._MG1655,_complete_genome_3135000:3136000	SRR10358488_NODE_27_length_55004_cov_19.342420	100.000	1000	0	0	1	1000	49243	48244	0.0	1847	minus
NC_000913.2_Escherichia_coli_str._K-12_substr._MG1655,_complete_genome_3135000:3136000	SRR10358487_NODE_28_length_55003_cov_13.196789	100.000	1000	0	0	1	1000	49243	48244	0.0	1847	minus
NC_000913.2_Escherichia_coli_str._K-12_substr._MG1655,_complete_genome_3135000:3136000	SRR10358486_NODE_25_length_55005_cov_22.393382	100.000	1000	0	0	1	1000	5762	6761	0.0	1847	plus
NC_000913.2_Escherichia_coli_str._K-12_substr._MG1655,_complete_genome_3135000:3136000	SRR10358485_NODE_27_length_55004_cov_17.457933	100.000	1000	0	0	1	1000	49243	48244	0.0	1847	minus
NC_000913.2_Escherichia_coli_str._K-12_substr._MG1655,_complete_genome_3135000:3136000	ASM886v1_BA000007.2	98.700	1000	13	0	1	1000	3877333	3878332	0.0	1775	plus
NC_000913.2_Escherichia_coli_str._K-12_substr._MG1655,_complete_genome_3135000:3136000	ASM666v1_AE005174.2	98.700	1000	13	0	1	1000	3944646	3945645	0.0	1775	plus
NC_000913.2_Escherichia_coli_str._K-12_substr._MG1655,_complete_genome_3135000:3136000	ASM2222v1_CP001368.1	98.700	1000	13	0	1	1000	3936456	3937455	0.0	1775	plus
NC_000913.2_Escherichia_coli_str._K-12_substr._MG1655,_complete_genome_3135000:3136000	ASM17195v1_ABHQ01000011.1	98.700	1000	13	0	1	1000	84303	85302	0.0	1775	plus
NC_000913.2_Escherichia_coli_str._K-12_substr._MG1655,_complete_genome_3135000:3136000	ASM15512v1_CM000662.1	98.700	1000	13	0	1	1000	2895156	2894157	0.0	1775	minus
NC_000913.2_Escherichia_coli_str._K-12_substr._MG1655,_complete_genome_3135000:3136000	ASM2516v1_CP001846.1	98.600	1000	14	0	1	1000	3767082	3768081	0.0	1770	plus
