NC_000913.2_Escherichia_coli_str._K-12_substr._MG1655,_complete_genome_1575000:1576000	SRR10358491_NODE_23_length_61401_cov_8.235238	100.000	1000	0	0	1	1000	5302	6301	0.0	1847	plus
NC_000913.2_Escherichia_coli_str._K-12_substr._MG1655,_complete_genome_1575000:1576000	SRR10358489_NODE_22_length_61401_cov_16.196935	100.000	1000	0	0	1	1000	56100	55101	0.0	1847	minus
NC_000913.2_Escherichia_coli_str._K-12_substr._MG1655,_complete_genome_1575000:1576000	SRR10358488_NODE_23_length_61401_cov_14.802151	100.000	1000	0	0	1	1000	56100	55101	0.0	1847	minus
NC_000913.2_Escherichia_coli_str._K-12_substr._MG1655,_complete_genome_1575000:1576000	SRR10358487_NODE_24_length_61401_cov_12.485426	100.000	1000	0	0	1	1000	56100	55101	0.0	1847	minus
NC_000913.2_Escherichia_coli_str._K-12_substr._MG1655,_complete_genome_1575000:1576000	SRR10358486_NODE_21_length_61401_cov_26.849757	100.000	1000	0	0	1	1000	5302	6301	0.0	1847	plus
NC_000913.2_Escherichia_coli_str._K-12_substr._MG1655,_complete_genome_1575000:1576000	SRR10358485_NODE_23_length_61402_cov_17.404570	100.000	1000	0	0	1	1000	56101	55102	0.0	1847	minus
NC_000913.2_Escherichia_coli_str._K-12_substr._MG1655,_complete_genome_1575000:1576000	ASM886v1_BA000007.2	98.900	1000	11	0	1	1000	2098221	2099220	0.0	1786	plus
NC_000913.2_Escherichia_coli_str._K-12_substr._MG1655,_complete_genome_1575000:1576000	ASM666v1_AE005174.2	98.900	1000	11	0	1	1000	1990251	1989252	0.0	1786	minus
NC_000913.2_Escherichia_coli_str._K-12_substr._MG1655,_complete_genome_1575000:1576000	ASM2516v1_CP001846.1	98.900	1000	11	0	1	1000	1902519	1903518	0.0	1786	plus
NC_000913.2_Escherichia_coli_str._K-12_substr._MG1655,_complete_genome_1575000:1576000	ASM2222v1_CP001368.1	98.900	1000	11	0	1	1000	2011798	2012797	0.0	1786	plus
NC_000913.2_Escherichia_coli_str._K-12_substr._MG1655,_complete_genome_1575000:1576000	ASM17195v1_ABHQ01000009.1	98.900	1000	11	0	1	1000	77212	78211	0.0	1786	plus
NC_000913.2_Escherichia_coli_str._K-12_substr._MG1655,_complete_genome_1575000:1576000	ASM15512v1_CM000662.1	98.900	1000	11	0	1	1000	4703343	4702344	0.0	1786	minus
