NC_000913.2_Escherichia_coli_str._K-12_substr._MG1655,_complete_genome_1870000:1871000	SRR10358491_NODE_7_length_205567_cov_8.951061	100.000	1000	0	0	1	1000	193549	192550	0.0	1847	minus
NC_000913.2_Escherichia_coli_str._K-12_substr._MG1655,_complete_genome_1870000:1871000	SRR10358489_NODE_1_length_414105_cov_16.439444	100.000	1000	0	0	1	1000	193550	192551	0.0	1847	minus
NC_000913.2_Escherichia_coli_str._K-12_substr._MG1655,_complete_genome_1870000:1871000	SRR10358488_NODE_1_length_414105_cov_16.407519	100.000	1000	0	0	1	1000	193550	192551	0.0	1847	minus
NC_000913.2_Escherichia_coli_str._K-12_substr._MG1655,_complete_genome_1870000:1871000	SRR10358487_NODE_1_length_414105_cov_12.682679	100.000	1000	0	0	1	1000	220556	221555	0.0	1847	plus
NC_000913.2_Escherichia_coli_str._K-12_substr._MG1655,_complete_genome_1870000:1871000	SRR10358486_NODE_1_length_414105_cov_23.445681	100.000	1000	0	0	1	1000	220556	221555	0.0	1847	plus
NC_000913.2_Escherichia_coli_str._K-12_substr._MG1655,_complete_genome_1870000:1871000	SRR10358485_NODE_5_length_228539_cov_14.517368	100.000	1000	0	0	1	1000	7985	6986	0.0	1847	minus
NC_000913.2_Escherichia_coli_str._K-12_substr._MG1655,_complete_genome_1870000:1871000	ASM2516v1_CP001846.1	99.400	1000	6	0	1	1000	2264540	2265539	0.0	1814	plus
NC_000913.2_Escherichia_coli_str._K-12_substr._MG1655,_complete_genome_1870000:1871000	ASM886v1_BA000007.2	99.300	1000	7	0	1	1000	2473582	2474581	0.0	1808	plus
NC_000913.2_Escherichia_coli_str._K-12_substr._MG1655,_complete_genome_1870000:1871000	ASM666v1_AE005174.2	99.300	1000	7	0	1	1000	2548785	2549784	0.0	1808	plus
NC_000913.2_Escherichia_coli_str._K-12_substr._MG1655,_complete_genome_1870000:1871000	ASM2222v1_CP001368.1	99.300	1000	7	0	1	1000	2378857	2379856	0.0	1808	plus
NC_000913.2_Escherichia_coli_str._K-12_substr._MG1655,_complete_genome_1870000:1871000	ASM17195v1_ABHQ01000013.1	99.300	1000	7	0	1	1000	116378	117377	0.0	1808	plus
NC_000913.2_Escherichia_coli_str._K-12_substr._MG1655,_complete_genome_1870000:1871000	ASM15512v1_CM000662.1	99.300	1000	7	0	1	1000	4359774	4358775	0.0	1808	minus
