NC_000913.2_Escherichia_coli_str._K-12_substr._MG1655,_complete_genome_4285000:4286000	SRR10358491_NODE_20_length_83038_cov_18.563689	100.000	1000	0	0	1	1000	74055	75054	0.0	1847	plus
NC_000913.2_Escherichia_coli_str._K-12_substr._MG1655,_complete_genome_4285000:4286000	SRR10358489_NODE_19_length_83038_cov_17.057845	100.000	1000	0	0	1	1000	8984	7985	0.0	1847	minus
NC_000913.2_Escherichia_coli_str._K-12_substr._MG1655,_complete_genome_4285000:4286000	SRR10358488_NODE_20_length_83038_cov_20.547117	100.000	1000	0	0	1	1000	8984	7985	0.0	1847	minus
NC_000913.2_Escherichia_coli_str._K-12_substr._MG1655,_complete_genome_4285000:4286000	SRR10358487_NODE_2_length_285698_cov_13.222764	100.000	1000	0	0	1	1000	211644	210645	0.0	1847	minus
NC_000913.2_Escherichia_coli_str._K-12_substr._MG1655,_complete_genome_4285000:4286000	SRR10358486_NODE_18_length_83038_cov_23.249219	100.000	1000	0	0	1	1000	8984	7985	0.0	1847	minus
NC_000913.2_Escherichia_coli_str._K-12_substr._MG1655,_complete_genome_4285000:4286000	SRR10358485_NODE_20_length_83036_cov_18.921649	100.000	1000	0	0	1	1000	8984	7985	0.0	1847	minus
NC_000913.2_Escherichia_coli_str._K-12_substr._MG1655,_complete_genome_4285000:4286000	ASM886v1_BA000007.2	99.400	1000	6	0	1	1000	5140127	5141126	0.0	1814	plus
NC_000913.2_Escherichia_coli_str._K-12_substr._MG1655,_complete_genome_4285000:4286000	ASM666v1_AE005174.2	99.400	1000	6	0	1	1000	5170112	5171111	0.0	1814	plus
NC_000913.2_Escherichia_coli_str._K-12_substr._MG1655,_complete_genome_4285000:4286000	ASM2516v1_CP001846.1	99.400	1000	6	0	1	1000	4989003	4990002	0.0	1814	plus
NC_000913.2_Escherichia_coli_str._K-12_substr._MG1655,_complete_genome_4285000:4286000	ASM2222v1_CP001368.1	99.400	1000	6	0	1	1000	5171388	5172387	0.0	1814	plus
NC_000913.2_Escherichia_coli_str._K-12_substr._MG1655,_complete_genome_4285000:4286000	ASM17195v1_ABHQ01000005.1	99.400	1000	6	0	1	1000	126889	127888	0.0	1814	plus
NC_000913.2_Escherichia_coli_str._K-12_substr._MG1655,_complete_genome_4285000:4286000	ASM15512v1_CM000662.1	99.400	1000	6	0	1	1000	1658274	1657275	0.0	1814	minus
