NC_000913.2_Escherichia_coli_str._K-12_substr._MG1655,_complete_genome_3030000:3031000	SRR10358491_NODE_13_length_132705_cov_14.750735	100.000	1000	0	0	1	1000	34415	35414	0.0	1847	plus
NC_000913.2_Escherichia_coli_str._K-12_substr._MG1655,_complete_genome_3030000:3031000	SRR10358489_NODE_13_length_132705_cov_17.822784	100.000	1000	0	0	1	1000	98291	97292	0.0	1847	minus
NC_000913.2_Escherichia_coli_str._K-12_substr._MG1655,_complete_genome_3030000:3031000	SRR10358488_NODE_13_length_132705_cov_20.492306	100.000	1000	0	0	1	1000	98291	97292	0.0	1847	minus
NC_000913.2_Escherichia_coli_str._K-12_substr._MG1655,_complete_genome_3030000:3031000	SRR10358487_NODE_11_length_132705_cov_13.267216	100.000	1000	0	0	1	1000	98291	97292	0.0	1847	minus
NC_000913.2_Escherichia_coli_str._K-12_substr._MG1655,_complete_genome_3030000:3031000	SRR10358486_NODE_14_length_116578_cov_22.471271	100.000	1000	0	0	1	1000	18288	19287	0.0	1847	plus
NC_000913.2_Escherichia_coli_str._K-12_substr._MG1655,_complete_genome_3030000:3031000	SRR10358485_NODE_13_length_132704_cov_17.210240	100.000	1000	0	0	1	1000	98291	97292	0.0	1847	minus
NC_000913.2_Escherichia_coli_str._K-12_substr._MG1655,_complete_genome_3030000:3031000	ASM886v1_BA000007.2	99.000	1000	10	0	1	1000	3770129	3771128	0.0	1792	plus
NC_000913.2_Escherichia_coli_str._K-12_substr._MG1655,_complete_genome_3030000:3031000	ASM2516v1_CP001846.1	99.000	1000	10	0	1	1000	3594133	3595132	0.0	1792	plus
NC_000913.2_Escherichia_coli_str._K-12_substr._MG1655,_complete_genome_3030000:3031000	ASM2222v1_CP001368.1	99.000	1000	10	0	1	1000	3829252	3830251	0.0	1792	plus
NC_000913.2_Escherichia_coli_str._K-12_substr._MG1655,_complete_genome_3030000:3031000	ASM17195v1_ABHQ01000001.1	99.000	1000	10	0	1	1000	518450	519449	0.0	1792	plus
NC_000913.2_Escherichia_coli_str._K-12_substr._MG1655,_complete_genome_3030000:3031000	ASM15512v1_CM000662.1	99.000	1000	10	0	1	1000	3002361	3001362	0.0	1792	minus
NC_000913.2_Escherichia_coli_str._K-12_substr._MG1655,_complete_genome_3030000:3031000	ASM666v1_AE005174.2	98.900	1000	11	0	1	1000	3837437	3838436	0.0	1788	plus
