NC_000913.2_Escherichia_coli_str._K-12_substr._MG1655,_complete_genome_1485000:1486000	SRR10358491_NODE_25_length_58529_cov_8.104260	100.000	1000	0	0	1	1000	41475	40476	0.0	1847	minus
NC_000913.2_Escherichia_coli_str._K-12_substr._MG1655,_complete_genome_1485000:1486000	SRR10358489_NODE_24_length_58064_cov_15.965911	100.000	1000	0	0	1	1000	41477	40478	0.0	1847	minus
NC_000913.2_Escherichia_coli_str._K-12_substr._MG1655,_complete_genome_1485000:1486000	SRR10358488_NODE_25_length_58064_cov_16.571224	100.000	1000	0	0	1	1000	41477	40478	0.0	1847	minus
NC_000913.2_Escherichia_coli_str._K-12_substr._MG1655,_complete_genome_1485000:1486000	SRR10358487_NODE_26_length_58064_cov_13.577144	100.000	1000	0	0	1	1000	16588	17587	0.0	1847	plus
NC_000913.2_Escherichia_coli_str._K-12_substr._MG1655,_complete_genome_1485000:1486000	SRR10358486_NODE_23_length_58064_cov_24.328322	100.000	1000	0	0	1	1000	16588	17587	0.0	1847	plus
NC_000913.2_Escherichia_coli_str._K-12_substr._MG1655,_complete_genome_1485000:1486000	SRR10358485_NODE_25_length_58063_cov_14.453449	100.000	1000	0	0	1	1000	41477	40478	0.0	1847	minus
NC_000913.2_Escherichia_coli_str._K-12_substr._MG1655,_complete_genome_1485000:1486000	ASM886v1_BA000007.2	98.046	819	15	1	183	1000	2004666	2005484	0.0	1423	plus
NC_000913.2_Escherichia_coli_str._K-12_substr._MG1655,_complete_genome_1485000:1486000	ASM666v1_AE005174.2	98.046	819	15	1	183	1000	2083812	2082994	0.0	1423	minus
NC_000913.2_Escherichia_coli_str._K-12_substr._MG1655,_complete_genome_1485000:1486000	ASM2516v1_CP001846.1	98.046	819	15	1	183	1000	1809136	1809954	0.0	1423	plus
NC_000913.2_Escherichia_coli_str._K-12_substr._MG1655,_complete_genome_1485000:1486000	ASM2222v1_CP001368.1	98.046	819	15	1	183	1000	1918232	1919050	0.0	1423	plus
NC_000913.2_Escherichia_coli_str._K-12_substr._MG1655,_complete_genome_1485000:1486000	ASM17195v1_ABHQ01000018.1	98.046	819	15	1	183	1000	83363	84181	0.0	1423	plus
NC_000913.2_Escherichia_coli_str._K-12_substr._MG1655,_complete_genome_1485000:1486000	ASM15512v1_CM000662.1	98.046	819	15	1	183	1000	4796894	4796076	0.0	1423	minus
