NC_000913.2_Escherichia_coli_str._K-12_substr._MG1655,_complete_genome_730000:731000	SRR10358491_NODE_60_length_1995_cov_15.927730	100.000	1000	0	0	1	1000	1626	627	0.0	1847	minus
NC_000913.2_Escherichia_coli_str._K-12_substr._MG1655,_complete_genome_730000:731000	SRR10358487_NODE_62_length_1708_cov_12.562935	100.000	1000	0	0	1	1000	370	1369	0.0	1847	plus
NC_000913.2_Escherichia_coli_str._K-12_substr._MG1655,_complete_genome_730000:731000	ASM886v1_BA000007.2	99.000	1000	10	0	1	1000	809204	810203	0.0	1792	plus
NC_000913.2_Escherichia_coli_str._K-12_substr._MG1655,_complete_genome_730000:731000	ASM886v1_BA000007.2	99.000	1000	10	0	1	1000	4506079	4507078	0.0	1792	plus
NC_000913.2_Escherichia_coli_str._K-12_substr._MG1655,_complete_genome_730000:731000	ASM886v1_BA000007.2	99.000	1000	10	0	1	1000	4930072	4931071	0.0	1792	plus
NC_000913.2_Escherichia_coli_str._K-12_substr._MG1655,_complete_genome_730000:731000	ASM666v1_AE005174.2	99.000	1000	10	0	1	1000	4573308	4574307	0.0	1792	plus
NC_000913.2_Escherichia_coli_str._K-12_substr._MG1655,_complete_genome_730000:731000	ASM666v1_AE005174.2	98.800	1000	12	0	1	1000	808987	809986	0.0	1783	plus
NC_000913.2_Escherichia_coli_str._K-12_substr._MG1655,_complete_genome_730000:731000	ASM666v1_AE005174.2	98.800	1000	12	0	1	1000	4998838	4999837	0.0	1783	plus
NC_000913.2_Escherichia_coli_str._K-12_substr._MG1655,_complete_genome_730000:731000	ASM2516v1_CP001846.1	99.000	1000	10	0	1	1000	4817714	4818713	0.0	1792	plus
NC_000913.2_Escherichia_coli_str._K-12_substr._MG1655,_complete_genome_730000:731000	ASM2516v1_CP001846.1	98.900	1000	11	0	1	1000	898668	899667	0.0	1786	plus
NC_000913.2_Escherichia_coli_str._K-12_substr._MG1655,_complete_genome_730000:731000	ASM2516v1_CP001846.1	98.900	1000	11	0	1	1000	4394664	4395663	0.0	1786	plus
NC_000913.2_Escherichia_coli_str._K-12_substr._MG1655,_complete_genome_730000:731000	ASM2222v1_CP001368.1	99.000	1000	10	0	1	1000	4565225	4566224	0.0	1792	plus
NC_000913.2_Escherichia_coli_str._K-12_substr._MG1655,_complete_genome_730000:731000	ASM2222v1_CP001368.1	99.000	1000	10	0	1	1000	4989245	4990244	0.0	1792	plus
NC_000913.2_Escherichia_coli_str._K-12_substr._MG1655,_complete_genome_730000:731000	ASM2222v1_CP001368.1	98.900	1000	11	0	1	1000	814070	815069	0.0	1786	plus
NC_000913.2_Escherichia_coli_str._K-12_substr._MG1655,_complete_genome_730000:731000	ASM17195v1_ABHQ01000003.1	99.000	1000	10	0	1	1000	309498	310497	0.0	1792	plus
NC_000913.2_Escherichia_coli_str._K-12_substr._MG1655,_complete_genome_730000:731000	ASM17195v1_ABHQ01000006.1	99.000	1000	10	0	1	1000	212187	213186	0.0	1792	plus
NC_000913.2_Escherichia_coli_str._K-12_substr._MG1655,_complete_genome_730000:731000	ASM17195v1_ABHQ01000060.1	99.000	1000	10	0	1	1000	1186	2185	0.0	1792	plus
NC_000913.2_Escherichia_coli_str._K-12_substr._MG1655,_complete_genome_730000:731000	ASM15512v1_CM000662.1	99.000	1000	10	0	1	1000	451505	450506	0.0	1792	minus
NC_000913.2_Escherichia_coli_str._K-12_substr._MG1655,_complete_genome_730000:731000	ASM15512v1_CM000662.1	99.000	1000	10	0	1	1000	1829571	1828572	0.0	1792	minus
NC_000913.2_Escherichia_coli_str._K-12_substr._MG1655,_complete_genome_730000:731000	ASM15512v1_CM000662.1	99.000	1000	10	0	1	1000	2266419	2265420	0.0	1792	minus
NC_000913.2_Escherichia_coli_str._K-12_substr._MG1655,_complete_genome_730000:731000	ASM17195v1_ABHQ01000002.1	98.900	1000	11	0	1	1000	287067	288066	0.0	1786	plus
NC_000913.2_Escherichia_coli_str._K-12_substr._MG1655,_complete_genome_730000:731000	SRR10358489_NODE_59_length_1708_cov_29.987350	97.200	1000	28	0	1	1000	1339	340	0.0	1692	minus
NC_000913.2_Escherichia_coli_str._K-12_substr._MG1655,_complete_genome_730000:731000	SRR10358491_NODE_63_length_1708_cov_32.802657	97.100	1000	29	0	1	1000	370	1369	0.0	1687	plus
NC_000913.2_Escherichia_coli_str._K-12_substr._MG1655,_complete_genome_730000:731000	SRR10358488_NODE_7_length_178712_cov_21.132391	97.100	1000	29	0	1	1000	370	1369	0.0	1687	plus
NC_000913.2_Escherichia_coli_str._K-12_substr._MG1655,_complete_genome_730000:731000	SRR10358486_NODE_8_length_178711_cov_23.726185	97.100	1000	29	0	1	1000	370	1369	0.0	1687	plus
NC_000913.2_Escherichia_coli_str._K-12_substr._MG1655,_complete_genome_730000:731000	SRR10358485_NODE_9_length_178561_cov_21.674995	97.000	1000	30	0	1	1000	178192	177193	0.0	1681	minus
