NC_000913.2_Escherichia_coli_str._K-12_substr._MG1655,_complete_genome_960000:961000	SRR10358491_NODE_1_length_316522_cov_10.067103	100.000	1000	0	0	1	1000	227269	228268	0.0	1847	plus
NC_000913.2_Escherichia_coli_str._K-12_substr._MG1655,_complete_genome_960000:961000	SRR10358489_NODE_2_length_361112_cov_16.843946	100.000	1000	0	0	1	1000	227519	228518	0.0	1847	plus
NC_000913.2_Escherichia_coli_str._K-12_substr._MG1655,_complete_genome_960000:961000	SRR10358488_NODE_11_length_142450_cov_18.046781	100.000	1000	0	0	1	1000	53197	54196	0.0	1847	plus
NC_000913.2_Escherichia_coli_str._K-12_substr._MG1655,_complete_genome_960000:961000	SRR10358487_NODE_4_length_239915_cov_13.054765	100.000	1000	0	0	1	1000	12652	11653	0.0	1847	minus
NC_000913.2_Escherichia_coli_str._K-12_substr._MG1655,_complete_genome_960000:961000	SRR10358486_NODE_2_length_316163_cov_22.172335	100.000	1000	0	0	1	1000	226998	227997	0.0	1847	plus
NC_000913.2_Escherichia_coli_str._K-12_substr._MG1655,_complete_genome_960000:961000	SRR10358485_NODE_1_length_316175_cov_14.047515	100.000	1000	0	0	1	1000	226998	227997	0.0	1847	plus
NC_000913.2_Escherichia_coli_str._K-12_substr._MG1655,_complete_genome_960000:961000	ASM886v1_BA000007.2	98.800	1000	12	0	1	1000	1090421	1091420	0.0	1781	plus
NC_000913.2_Escherichia_coli_str._K-12_substr._MG1655,_complete_genome_960000:961000	ASM2222v1_CP001368.1	98.800	1000	12	0	1	1000	1095370	1096369	0.0	1781	plus
NC_000913.2_Escherichia_coli_str._K-12_substr._MG1655,_complete_genome_960000:961000	ASM15512v1_CM000662.1	98.800	1000	12	0	1	1000	161118	160119	0.0	1781	minus
NC_000913.2_Escherichia_coli_str._K-12_substr._MG1655,_complete_genome_960000:961000	ASM666v1_AE005174.2	98.700	1000	13	0	1	1000	1179644	1180643	0.0	1777	plus
NC_000913.2_Escherichia_coli_str._K-12_substr._MG1655,_complete_genome_960000:961000	ASM2516v1_CP001846.1	98.700	1000	13	0	1	1000	1187433	1188432	0.0	1775	plus
NC_000913.2_Escherichia_coli_str._K-12_substr._MG1655,_complete_genome_960000:961000	ASM17195v1_ABHQ01000029.1	98.652	816	11	0	1	816	44233	45048	0.0	1447	plus
