NC_000913.2_Escherichia_coli_str._K-12_substr._MG1655,_complete_genome_1655000:1656000	SRR10358491_NODE_6_length_208552_cov_7.941471	100.000	1000	0	0	1	1000	5555	6554	0.0	1847	plus
NC_000913.2_Escherichia_coli_str._K-12_substr._MG1655,_complete_genome_1655000:1656000	SRR10358489_NODE_1_length_414105_cov_16.439444	100.000	1000	0	0	1	1000	408550	407551	0.0	1847	minus
NC_000913.2_Escherichia_coli_str._K-12_substr._MG1655,_complete_genome_1655000:1656000	SRR10358488_NODE_1_length_414105_cov_16.407519	100.000	1000	0	0	1	1000	408550	407551	0.0	1847	minus
NC_000913.2_Escherichia_coli_str._K-12_substr._MG1655,_complete_genome_1655000:1656000	SRR10358487_NODE_1_length_414105_cov_12.682679	100.000	1000	0	0	1	1000	5556	6555	0.0	1847	plus
NC_000913.2_Escherichia_coli_str._K-12_substr._MG1655,_complete_genome_1655000:1656000	SRR10358486_NODE_1_length_414105_cov_23.445681	100.000	1000	0	0	1	1000	5556	6555	0.0	1847	plus
NC_000913.2_Escherichia_coli_str._K-12_substr._MG1655,_complete_genome_1655000:1656000	SRR10358485_NODE_5_length_228539_cov_14.517368	100.000	1000	0	0	1	1000	222984	221985	0.0	1847	minus
NC_000913.2_Escherichia_coli_str._K-12_substr._MG1655,_complete_genome_1655000:1656000	ASM886v1_BA000007.2	97.796	998	22	0	1	998	2256780	2257777	0.0	1722	plus
NC_000913.2_Escherichia_coli_str._K-12_substr._MG1655,_complete_genome_1655000:1656000	ASM666v1_AE005174.2	97.796	998	22	0	1	998	2332065	2333062	0.0	1722	plus
NC_000913.2_Escherichia_coli_str._K-12_substr._MG1655,_complete_genome_1655000:1656000	ASM2516v1_CP001846.1	97.796	998	22	0	1	998	2014086	2015083	0.0	1722	plus
NC_000913.2_Escherichia_coli_str._K-12_substr._MG1655,_complete_genome_1655000:1656000	ASM2222v1_CP001368.1	97.796	998	22	0	1	998	2162055	2163052	0.0	1722	plus
NC_000913.2_Escherichia_coli_str._K-12_substr._MG1655,_complete_genome_1655000:1656000	ASM17195v1_ABHQ01000024.1	97.796	998	22	0	1	998	2505	3502	0.0	1722	plus
NC_000913.2_Escherichia_coli_str._K-12_substr._MG1655,_complete_genome_1655000:1656000	ASM15512v1_CM000662.1	97.796	998	22	0	1	998	4577949	4576952	0.0	1722	minus
