NC_000913.2_Escherichia_coli_str._K-12_substr._MG1655,_complete_genome_1535000:1536000	SRR10358489_NODE_31_length_38008_cov_16.496265	100.000	1000	0	0	1	1000	4189	5188	0.0	1847	plus
NC_000913.2_Escherichia_coli_str._K-12_substr._MG1655,_complete_genome_1535000:1536000	SRR10358488_NODE_43_length_19551_cov_15.180910	100.000	1000	0	0	1	1000	4189	5188	0.0	1847	plus
NC_000913.2_Escherichia_coli_str._K-12_substr._MG1655,_complete_genome_1535000:1536000	SRR10358487_NODE_43_length_19551_cov_12.508649	100.000	1000	0	0	1	1000	4189	5188	0.0	1847	plus
NC_000913.2_Escherichia_coli_str._K-12_substr._MG1655,_complete_genome_1535000:1536000	SRR10358486_NODE_43_length_19551_cov_23.141063	100.000	1000	0	0	1	1000	15363	14364	0.0	1847	minus
NC_000913.2_Escherichia_coli_str._K-12_substr._MG1655,_complete_genome_1535000:1536000	SRR10358485_NODE_43_length_19551_cov_13.802461	100.000	1000	0	0	1	1000	15363	14364	0.0	1847	minus
NC_000913.2_Escherichia_coli_str._K-12_substr._MG1655,_complete_genome_1535000:1536000	SRR10358491_NODE_43_length_18802_cov_7.420080	99.900	1000	1	0	1	1000	4189	5188	0.0	1842	plus
NC_000913.2_Escherichia_coli_str._K-12_substr._MG1655,_complete_genome_1535000:1536000	ASM886v1_BA000007.2	98.800	1000	12	0	1	1000	2056213	2057212	0.0	1781	plus
NC_000913.2_Escherichia_coli_str._K-12_substr._MG1655,_complete_genome_1535000:1536000	ASM666v1_AE005174.2	98.800	1000	12	0	1	1000	2032260	2031261	0.0	1781	minus
NC_000913.2_Escherichia_coli_str._K-12_substr._MG1655,_complete_genome_1535000:1536000	ASM2516v1_CP001846.1	98.800	1000	12	0	1	1000	1860677	1861676	0.0	1781	plus
NC_000913.2_Escherichia_coli_str._K-12_substr._MG1655,_complete_genome_1535000:1536000	ASM2222v1_CP001368.1	98.800	1000	12	0	1	1000	1969789	1970788	0.0	1781	plus
NC_000913.2_Escherichia_coli_str._K-12_substr._MG1655,_complete_genome_1535000:1536000	ASM17195v1_ABHQ01000009.1	98.800	1000	12	0	1	1000	35203	36202	0.0	1781	plus
NC_000913.2_Escherichia_coli_str._K-12_substr._MG1655,_complete_genome_1535000:1536000	ASM15512v1_CM000662.1	98.800	1000	12	0	1	1000	4745351	4744352	0.0	1781	minus
