NC_000913.2_Escherichia_coli_str._K-12_substr._MG1655,_complete_genome_3140000:3141000	SRR10358491_NODE_27_length_55003_cov_15.707049	100.000	1000	0	0	1	1000	44242	43243	0.0	1847	minus
NC_000913.2_Escherichia_coli_str._K-12_substr._MG1655,_complete_genome_3140000:3141000	SRR10358489_NODE_26_length_55004_cov_17.735044	100.000	1000	0	0	1	1000	44243	43244	0.0	1847	minus
NC_000913.2_Escherichia_coli_str._K-12_substr._MG1655,_complete_genome_3140000:3141000	SRR10358488_NODE_27_length_55004_cov_19.342420	100.000	1000	0	0	1	1000	44243	43244	0.0	1847	minus
NC_000913.2_Escherichia_coli_str._K-12_substr._MG1655,_complete_genome_3140000:3141000	SRR10358487_NODE_28_length_55003_cov_13.196789	100.000	1000	0	0	1	1000	44243	43244	0.0	1847	minus
NC_000913.2_Escherichia_coli_str._K-12_substr._MG1655,_complete_genome_3140000:3141000	SRR10358486_NODE_25_length_55005_cov_22.393382	100.000	1000	0	0	1	1000	10762	11761	0.0	1847	plus
NC_000913.2_Escherichia_coli_str._K-12_substr._MG1655,_complete_genome_3140000:3141000	SRR10358485_NODE_27_length_55004_cov_17.457933	100.000	1000	0	0	1	1000	44243	43244	0.0	1847	minus
NC_000913.2_Escherichia_coli_str._K-12_substr._MG1655,_complete_genome_3140000:3141000	ASM886v1_BA000007.2	98.100	1000	19	0	1	1000	3882333	3883332	0.0	1742	plus
NC_000913.2_Escherichia_coli_str._K-12_substr._MG1655,_complete_genome_3140000:3141000	ASM2222v1_CP001368.1	98.100	1000	19	0	1	1000	3941456	3942455	0.0	1742	plus
NC_000913.2_Escherichia_coli_str._K-12_substr._MG1655,_complete_genome_3140000:3141000	ASM17195v1_ABHQ01000011.1	98.100	1000	19	0	1	1000	89303	90302	0.0	1742	plus
NC_000913.2_Escherichia_coli_str._K-12_substr._MG1655,_complete_genome_3140000:3141000	ASM15512v1_CM000662.1	98.100	1000	19	0	1	1000	2890156	2889157	0.0	1742	minus
NC_000913.2_Escherichia_coli_str._K-12_substr._MG1655,_complete_genome_3140000:3141000	ASM2516v1_CP001846.1	98.000	1000	20	0	1	1000	3772082	3773081	0.0	1736	plus
NC_000913.2_Escherichia_coli_str._K-12_substr._MG1655,_complete_genome_3140000:3141000	ASM666v1_AE005174.2	97.900	1000	21	0	1	1000	3949646	3950645	0.0	1735	plus
