NC_000913.2_Escherichia_coli_str._K-12_substr._MG1655,_complete_genome_2605000:2606000	SRR10358491_NODE_5_length_210722_cov_11.226102	100.000	1000	0	0	1	1000	91488	92487	0.0	1847	plus
NC_000913.2_Escherichia_coli_str._K-12_substr._MG1655,_complete_genome_2605000:2606000	SRR10358489_NODE_5_length_210722_cov_16.906422	100.000	1000	0	0	1	1000	91488	92487	0.0	1847	plus
NC_000913.2_Escherichia_coli_str._K-12_substr._MG1655,_complete_genome_2605000:2606000	SRR10358488_NODE_4_length_210723_cov_18.722716	100.000	1000	0	0	1	1000	91489	92488	0.0	1847	plus
NC_000913.2_Escherichia_coli_str._K-12_substr._MG1655,_complete_genome_2605000:2606000	SRR10358487_NODE_5_length_210723_cov_12.686608	100.000	1000	0	0	1	1000	119235	118236	0.0	1847	minus
NC_000913.2_Escherichia_coli_str._K-12_substr._MG1655,_complete_genome_2605000:2606000	SRR10358486_NODE_6_length_210723_cov_21.594005	100.000	1000	0	0	1	1000	119235	118236	0.0	1847	minus
NC_000913.2_Escherichia_coli_str._K-12_substr._MG1655,_complete_genome_2605000:2606000	SRR10358485_NODE_6_length_210724_cov_13.704744	100.000	1000	0	0	1	1000	91490	92489	0.0	1847	plus
NC_000913.2_Escherichia_coli_str._K-12_substr._MG1655,_complete_genome_2605000:2606000	ASM666v1_AE005174.2	98.200	1000	18	0	1	1000	3392908	3393907	0.0	1749	plus
NC_000913.2_Escherichia_coli_str._K-12_substr._MG1655,_complete_genome_2605000:2606000	ASM886v1_BA000007.2	98.200	1000	18	0	1	1000	3323074	3324073	0.0	1748	plus
NC_000913.2_Escherichia_coli_str._K-12_substr._MG1655,_complete_genome_2605000:2606000	ASM2516v1_CP001846.1	98.200	1000	18	0	1	1000	3064139	3065138	0.0	1748	plus
NC_000913.2_Escherichia_coli_str._K-12_substr._MG1655,_complete_genome_2605000:2606000	ASM15512v1_CM000662.1	98.200	1000	18	0	1	1000	3449186	3448187	0.0	1748	minus
NC_000913.2_Escherichia_coli_str._K-12_substr._MG1655,_complete_genome_2605000:2606000	ASM2222v1_CP001368.1	98.100	1000	19	0	1	1000	3382062	3383061	0.0	1742	plus
NC_000913.2_Escherichia_coli_str._K-12_substr._MG1655,_complete_genome_2605000:2606000	ASM17195v1_ABHQ01000001.1	98.100	1000	19	0	1	1000	71266	72265	0.0	1742	plus
