NC_000913.2_Escherichia_coli_str._K-12_substr._MG1655,_complete_genome_3970000:3971000	SRR10358491_NODE_19_length_88592_cov_19.119188	100.000	1000	0	0	1	1000	25279	26278	0.0	1847	plus
NC_000913.2_Escherichia_coli_str._K-12_substr._MG1655,_complete_genome_3970000:3971000	SRR10358489_NODE_18_length_88592_cov_17.666388	100.000	1000	0	0	1	1000	25279	26278	0.0	1847	plus
NC_000913.2_Escherichia_coli_str._K-12_substr._MG1655,_complete_genome_3970000:3971000	SRR10358488_NODE_19_length_88592_cov_20.729113	100.000	1000	0	0	1	1000	25279	26278	0.0	1847	plus
NC_000913.2_Escherichia_coli_str._K-12_substr._MG1655,_complete_genome_3970000:3971000	SRR10358487_NODE_19_length_88743_cov_13.265246	100.000	1000	0	0	1	1000	25279	26278	0.0	1847	plus
NC_000913.2_Escherichia_coli_str._K-12_substr._MG1655,_complete_genome_3970000:3971000	SRR10358486_NODE_17_length_88592_cov_21.385079	100.000	1000	0	0	1	1000	25279	26278	0.0	1847	plus
NC_000913.2_Escherichia_coli_str._K-12_substr._MG1655,_complete_genome_3970000:3971000	SRR10358485_NODE_19_length_88598_cov_17.871834	100.000	1000	0	0	1	1000	63320	62321	0.0	1847	minus
NC_000913.2_Escherichia_coli_str._K-12_substr._MG1655,_complete_genome_3970000:3971000	ASM886v1_BA000007.2	99.600	1000	4	0	1	1000	4765384	4766383	0.0	1825	plus
NC_000913.2_Escherichia_coli_str._K-12_substr._MG1655,_complete_genome_3970000:3971000	ASM2222v1_CP001368.1	99.600	1000	4	0	1	1000	4824522	4825521	0.0	1825	plus
NC_000913.2_Escherichia_coli_str._K-12_substr._MG1655,_complete_genome_3970000:3971000	ASM17195v1_ABHQ01000006.1	99.600	1000	4	0	1	1000	47464	48463	0.0	1825	plus
NC_000913.2_Escherichia_coli_str._K-12_substr._MG1655,_complete_genome_3970000:3971000	ASM15512v1_CM000662.1	99.600	1000	4	0	1	1000	1994258	1993259	0.0	1825	minus
NC_000913.2_Escherichia_coli_str._K-12_substr._MG1655,_complete_genome_3970000:3971000	ASM2516v1_CP001846.1	99.500	1000	5	0	1	1000	4652905	4653904	0.0	1820	plus
NC_000913.2_Escherichia_coli_str._K-12_substr._MG1655,_complete_genome_3970000:3971000	ASM666v1_AE005174.2	99.400	1000	6	0	1	1000	4834369	4835368	0.0	1818	plus
