NC_000913.2_Escherichia_coli_str._K-12_substr._MG1655,_complete_genome_2330000:2331000	SRR10358491_NODE_4_length_224192_cov_11.038949	100.000	1000	0	0	1	1000	182426	181427	0.0	1847	minus
NC_000913.2_Escherichia_coli_str._K-12_substr._MG1655,_complete_genome_2330000:2331000	SRR10358489_NODE_6_length_209744_cov_17.155574	100.000	1000	0	0	1	1000	27320	28319	0.0	1847	plus
NC_000913.2_Escherichia_coli_str._K-12_substr._MG1655,_complete_genome_2330000:2331000	SRR10358488_NODE_5_length_209744_cov_17.813722	100.000	1000	0	0	1	1000	27320	28319	0.0	1847	plus
NC_000913.2_Escherichia_coli_str._K-12_substr._MG1655,_complete_genome_2330000:2331000	SRR10358487_NODE_6_length_209744_cov_13.217979	100.000	1000	0	0	1	1000	27320	28319	0.0	1847	plus
NC_000913.2_Escherichia_coli_str._K-12_substr._MG1655,_complete_genome_2330000:2331000	SRR10358486_NODE_5_length_224417_cov_23.200682	100.000	1000	0	0	1	1000	41993	42992	0.0	1847	plus
NC_000913.2_Escherichia_coli_str._K-12_substr._MG1655,_complete_genome_2330000:2331000	SRR10358485_NODE_7_length_196189_cov_15.353786	99.900	1000	1	0	1	1000	154423	153424	0.0	1842	minus
NC_000913.2_Escherichia_coli_str._K-12_substr._MG1655,_complete_genome_2330000:2331000	ASM886v1_BA000007.2	97.900	1000	21	0	1	1000	3057750	3058749	0.0	1731	plus
NC_000913.2_Escherichia_coli_str._K-12_substr._MG1655,_complete_genome_2330000:2331000	ASM2222v1_CP001368.1	97.900	1000	21	0	1	1000	3053983	3054982	0.0	1731	plus
NC_000913.2_Escherichia_coli_str._K-12_substr._MG1655,_complete_genome_2330000:2331000	ASM17195v1_ABHQ01000004.1	97.900	1000	21	0	1	1000	99486	100485	0.0	1731	plus
NC_000913.2_Escherichia_coli_str._K-12_substr._MG1655,_complete_genome_2330000:2331000	ASM15512v1_CM000662.1	97.900	1000	21	0	1	1000	3775680	3774681	0.0	1731	minus
NC_000913.2_Escherichia_coli_str._K-12_substr._MG1655,_complete_genome_2330000:2331000	ASM666v1_AE005174.2	97.700	1000	23	0	1	1000	3129019	3130018	0.0	1724	plus
NC_000913.2_Escherichia_coli_str._K-12_substr._MG1655,_complete_genome_2330000:2331000	ASM2516v1_CP001846.1	97.700	1000	23	0	1	1000	2799955	2800954	0.0	1720	plus
