NC_000913.2_Escherichia_coli_str._K-12_substr._MG1655,_complete_genome_3350000:3351000	SRR10358491_NODE_9_length_178399_cov_16.549290	100.000	1000	0	0	1	1000	164680	165679	0.0	1847	plus
NC_000913.2_Escherichia_coli_str._K-12_substr._MG1655,_complete_genome_3350000:3351000	SRR10358489_NODE_8_length_178400_cov_17.052077	100.000	1000	0	0	1	1000	13721	12722	0.0	1847	minus
NC_000913.2_Escherichia_coli_str._K-12_substr._MG1655,_complete_genome_3350000:3351000	SRR10358488_NODE_8_length_178400_cov_20.036747	100.000	1000	0	0	1	1000	164680	165679	0.0	1847	plus
NC_000913.2_Escherichia_coli_str._K-12_substr._MG1655,_complete_genome_3350000:3351000	SRR10358487_NODE_16_length_98660_cov_13.417484	100.000	1000	0	0	1	1000	84957	85956	0.0	1847	plus
NC_000913.2_Escherichia_coli_str._K-12_substr._MG1655,_complete_genome_3350000:3351000	SRR10358486_NODE_9_length_178400_cov_23.318584	100.000	1000	0	0	1	1000	13721	12722	0.0	1847	minus
NC_000913.2_Escherichia_coli_str._K-12_substr._MG1655,_complete_genome_3350000:3351000	SRR10358485_NODE_10_length_178399_cov_18.076540	100.000	1000	0	0	1	1000	164679	165678	0.0	1847	plus
NC_000913.2_Escherichia_coli_str._K-12_substr._MG1655,_complete_genome_3350000:3351000	ASM886v1_BA000007.2	98.800	1000	12	0	1	1000	4094332	4095331	0.0	1781	plus
NC_000913.2_Escherichia_coli_str._K-12_substr._MG1655,_complete_genome_3350000:3351000	ASM2516v1_CP001846.1	98.800	1000	12	0	1	1000	3983017	3984016	0.0	1781	plus
NC_000913.2_Escherichia_coli_str._K-12_substr._MG1655,_complete_genome_3350000:3351000	ASM2222v1_CP001368.1	98.800	1000	12	0	1	1000	4152140	4153139	0.0	1781	plus
NC_000913.2_Escherichia_coli_str._K-12_substr._MG1655,_complete_genome_3350000:3351000	ASM17195v1_ABHQ01000008.1	98.800	1000	12	0	1	1000	142705	143704	0.0	1781	plus
NC_000913.2_Escherichia_coli_str._K-12_substr._MG1655,_complete_genome_3350000:3351000	ASM15512v1_CM000662.1	98.800	1000	12	0	1	1000	2678156	2677157	0.0	1781	minus
NC_000913.2_Escherichia_coli_str._K-12_substr._MG1655,_complete_genome_3350000:3351000	ASM666v1_AE005174.2	98.700	1000	13	0	1	1000	4161549	4162548	0.0	1777	plus
