NC_000913.2_Escherichia_coli_str._K-12_substr._MG1655,_complete_genome_1090000:1091000	SRR10358489_NODE_2_length_361112_cov_16.843946	100.000	1000	0	0	1	1000	357519	358518	0.0	1847	plus
NC_000913.2_Escherichia_coli_str._K-12_substr._MG1655,_complete_genome_1090000:1091000	SRR10358488_NODE_29_length_43953_cov_17.768471	100.000	1000	0	0	1	1000	3594	2595	0.0	1847	minus
NC_000913.2_Escherichia_coli_str._K-12_substr._MG1655,_complete_genome_1090000:1091000	SRR10358487_NODE_30_length_43953_cov_12.790992	100.000	1000	0	0	1	1000	3594	2595	0.0	1847	minus
NC_000913.2_Escherichia_coli_str._K-12_substr._MG1655,_complete_genome_1090000:1091000	SRR10358486_NODE_28_length_43953_cov_24.258614	100.000	1000	0	0	1	1000	3594	2595	0.0	1847	minus
NC_000913.2_Escherichia_coli_str._K-12_substr._MG1655,_complete_genome_1090000:1091000	SRR10358485_NODE_29_length_43949_cov_14.750240	100.000	1000	0	0	1	1000	40356	41355	0.0	1847	plus
NC_000913.2_Escherichia_coli_str._K-12_substr._MG1655,_complete_genome_1090000:1091000	SRR10358491_NODE_29_length_44018_cov_9.874576	99.900	1000	1	0	1	1000	3594	2595	0.0	1842	minus
NC_000913.2_Escherichia_coli_str._K-12_substr._MG1655,_complete_genome_1090000:1091000	ASM886v1_BA000007.2	99.900	1000	1	0	1	1000	1333729	1334728	0.0	1842	plus
NC_000913.2_Escherichia_coli_str._K-12_substr._MG1655,_complete_genome_1090000:1091000	ASM666v1_AE005174.2	99.900	1000	1	0	1	1000	1417501	1418500	0.0	1842	plus
NC_000913.2_Escherichia_coli_str._K-12_substr._MG1655,_complete_genome_1090000:1091000	ASM2516v1_CP001846.1	99.900	1000	1	0	1	1000	1318414	1319413	0.0	1842	plus
NC_000913.2_Escherichia_coli_str._K-12_substr._MG1655,_complete_genome_1090000:1091000	ASM2222v1_CP001368.1	99.900	1000	1	0	1	1000	1276293	1277292	0.0	1842	plus
NC_000913.2_Escherichia_coli_str._K-12_substr._MG1655,_complete_genome_1090000:1091000	ASM17195v1_ABHQ01000007.1	99.900	1000	1	0	1	1000	124527	125526	0.0	1842	plus
NC_000913.2_Escherichia_coli_str._K-12_substr._MG1655,_complete_genome_1090000:1091000	ASM15512v1_CM000662.1	99.900	1000	1	0	1	1000	5497525	5496526	0.0	1842	minus
