NC_000913.2_Escherichia_coli_str._K-12_substr._MG1655,_complete_genome_830000:831000	SRR10358491_NODE_1_length_316522_cov_10.067103	100.000	1000	0	0	1	1000	97269	98268	0.0	1847	plus
NC_000913.2_Escherichia_coli_str._K-12_substr._MG1655,_complete_genome_830000:831000	SRR10358489_NODE_2_length_361112_cov_16.843946	100.000	1000	0	0	1	1000	97519	98518	0.0	1847	plus
NC_000913.2_Escherichia_coli_str._K-12_substr._MG1655,_complete_genome_830000:831000	SRR10358488_NODE_9_length_175923_cov_18.772873	100.000	1000	0	0	1	1000	99140	100139	0.0	1847	plus
NC_000913.2_Escherichia_coli_str._K-12_substr._MG1655,_complete_genome_830000:831000	SRR10358487_NODE_4_length_239915_cov_13.054765	100.000	1000	0	0	1	1000	142652	141653	0.0	1847	minus
NC_000913.2_Escherichia_coli_str._K-12_substr._MG1655,_complete_genome_830000:831000	SRR10358486_NODE_2_length_316163_cov_22.172335	100.000	1000	0	0	1	1000	96998	97997	0.0	1847	plus
NC_000913.2_Escherichia_coli_str._K-12_substr._MG1655,_complete_genome_830000:831000	SRR10358485_NODE_1_length_316175_cov_14.047515	100.000	1000	0	0	1	1000	96998	97997	0.0	1847	plus
NC_000913.2_Escherichia_coli_str._K-12_substr._MG1655,_complete_genome_830000:831000	ASM886v1_BA000007.2	98.000	1000	20	0	1	1000	953145	954144	0.0	1736	plus
NC_000913.2_Escherichia_coli_str._K-12_substr._MG1655,_complete_genome_830000:831000	ASM666v1_AE005174.2	98.000	1000	20	0	1	1000	954798	955797	0.0	1736	plus
NC_000913.2_Escherichia_coli_str._K-12_substr._MG1655,_complete_genome_830000:831000	ASM2516v1_CP001846.1	98.000	1000	20	0	1	1000	1050175	1051174	0.0	1736	plus
NC_000913.2_Escherichia_coli_str._K-12_substr._MG1655,_complete_genome_830000:831000	ASM2222v1_CP001368.1	98.000	1000	20	0	1	1000	958103	959102	0.0	1736	plus
NC_000913.2_Escherichia_coli_str._K-12_substr._MG1655,_complete_genome_830000:831000	ASM17195v1_ABHQ01000002.1	98.000	1000	20	0	1	1000	431102	432101	0.0	1736	plus
NC_000913.2_Escherichia_coli_str._K-12_substr._MG1655,_complete_genome_830000:831000	ASM15512v1_CM000662.1	98.000	1000	20	0	1	1000	307581	306582	0.0	1736	minus
