NC_000913.2_Escherichia_coli_str._K-12_substr._MG1655,_complete_genome_2615000:2616000	SRR10358491_NODE_5_length_210722_cov_11.226102	100.000	1000	0	0	1	1000	101488	102487	0.0	1847	plus
NC_000913.2_Escherichia_coli_str._K-12_substr._MG1655,_complete_genome_2615000:2616000	SRR10358489_NODE_5_length_210722_cov_16.906422	100.000	1000	0	0	1	1000	101488	102487	0.0	1847	plus
NC_000913.2_Escherichia_coli_str._K-12_substr._MG1655,_complete_genome_2615000:2616000	SRR10358488_NODE_4_length_210723_cov_18.722716	100.000	1000	0	0	1	1000	101489	102488	0.0	1847	plus
NC_000913.2_Escherichia_coli_str._K-12_substr._MG1655,_complete_genome_2615000:2616000	SRR10358487_NODE_5_length_210723_cov_12.686608	100.000	1000	0	0	1	1000	109235	108236	0.0	1847	minus
NC_000913.2_Escherichia_coli_str._K-12_substr._MG1655,_complete_genome_2615000:2616000	SRR10358486_NODE_6_length_210723_cov_21.594005	100.000	1000	0	0	1	1000	109235	108236	0.0	1847	minus
NC_000913.2_Escherichia_coli_str._K-12_substr._MG1655,_complete_genome_2615000:2616000	SRR10358485_NODE_6_length_210724_cov_13.704744	100.000	1000	0	0	1	1000	101490	102489	0.0	1847	plus
NC_000913.2_Escherichia_coli_str._K-12_substr._MG1655,_complete_genome_2615000:2616000	ASM886v1_BA000007.2	99.100	1000	9	0	1	1000	3333122	3334121	0.0	1797	plus
NC_000913.2_Escherichia_coli_str._K-12_substr._MG1655,_complete_genome_2615000:2616000	ASM666v1_AE005174.2	99.100	1000	9	0	1	1000	3402958	3403957	0.0	1797	plus
NC_000913.2_Escherichia_coli_str._K-12_substr._MG1655,_complete_genome_2615000:2616000	ASM2516v1_CP001846.1	99.100	1000	9	0	1	1000	3074187	3075186	0.0	1797	plus
NC_000913.2_Escherichia_coli_str._K-12_substr._MG1655,_complete_genome_2615000:2616000	ASM2222v1_CP001368.1	99.100	1000	9	0	1	1000	3392110	3393109	0.0	1797	plus
NC_000913.2_Escherichia_coli_str._K-12_substr._MG1655,_complete_genome_2615000:2616000	ASM17195v1_ABHQ01000001.1	99.100	1000	9	0	1	1000	81314	82313	0.0	1797	plus
NC_000913.2_Escherichia_coli_str._K-12_substr._MG1655,_complete_genome_2615000:2616000	ASM15512v1_CM000662.1	99.100	1000	9	0	1	1000	3439138	3438139	0.0	1797	minus
