NC_000913.2_Escherichia_coli_str._K-12_substr._MG1655,_complete_genome_1765000:1766000	SRR10358491_NODE_6_length_208552_cov_7.941471	100.000	1000	0	0	1	1000	115554	116553	0.0	1847	plus
NC_000913.2_Escherichia_coli_str._K-12_substr._MG1655,_complete_genome_1765000:1766000	SRR10358489_NODE_1_length_414105_cov_16.439444	100.000	1000	0	0	1	1000	298550	297551	0.0	1847	minus
NC_000913.2_Escherichia_coli_str._K-12_substr._MG1655,_complete_genome_1765000:1766000	SRR10358487_NODE_1_length_414105_cov_12.682679	100.000	1000	0	0	1	1000	115556	116555	0.0	1847	plus
NC_000913.2_Escherichia_coli_str._K-12_substr._MG1655,_complete_genome_1765000:1766000	SRR10358486_NODE_1_length_414105_cov_23.445681	100.000	1000	0	0	1	1000	115556	116555	0.0	1847	plus
NC_000913.2_Escherichia_coli_str._K-12_substr._MG1655,_complete_genome_1765000:1766000	SRR10358488_NODE_1_length_414105_cov_16.407519	99.900	1000	1	0	1	1000	298550	297551	0.0	1842	minus
NC_000913.2_Escherichia_coli_str._K-12_substr._MG1655,_complete_genome_1765000:1766000	SRR10358485_NODE_5_length_228539_cov_14.517368	99.900	1000	1	0	1	1000	112984	111985	0.0	1842	minus
NC_000913.2_Escherichia_coli_str._K-12_substr._MG1655,_complete_genome_1765000:1766000	ASM886v1_BA000007.2	98.800	1000	12	0	1	1000	2366689	2367688	0.0	1781	plus
NC_000913.2_Escherichia_coli_str._K-12_substr._MG1655,_complete_genome_1765000:1766000	ASM666v1_AE005174.2	98.800	1000	12	0	1	1000	2441885	2442884	0.0	1781	plus
NC_000913.2_Escherichia_coli_str._K-12_substr._MG1655,_complete_genome_1765000:1766000	ASM2516v1_CP001846.1	98.800	1000	12	0	1	1000	2123995	2124994	0.0	1781	plus
NC_000913.2_Escherichia_coli_str._K-12_substr._MG1655,_complete_genome_1765000:1766000	ASM2222v1_CP001368.1	98.800	1000	12	0	1	1000	2271965	2272964	0.0	1781	plus
NC_000913.2_Escherichia_coli_str._K-12_substr._MG1655,_complete_genome_1765000:1766000	ASM17195v1_ABHQ01000013.1	98.800	1000	12	0	1	1000	9488	10487	0.0	1781	plus
NC_000913.2_Escherichia_coli_str._K-12_substr._MG1655,_complete_genome_1765000:1766000	ASM15512v1_CM000662.1	98.800	1000	12	0	1	1000	4467976	4466977	0.0	1781	minus
