NC_000913.2_Escherichia_coli_str._K-12_substr._MG1655,_complete_genome_4060000:4061000	SRR10358489_NODE_14_length_125911_cov_17.665220	100.000	1000	0	0	1	1000	21464	22463	0.0	1847	plus
NC_000913.2_Escherichia_coli_str._K-12_substr._MG1655,_complete_genome_4060000:4061000	SRR10358488_NODE_14_length_125911_cov_21.567998	100.000	1000	0	0	1	1000	21464	22463	0.0	1847	plus
NC_000913.2_Escherichia_coli_str._K-12_substr._MG1655,_complete_genome_4060000:4061000	SRR10358487_NODE_12_length_125911_cov_13.168662	100.000	1000	0	0	1	1000	21464	22463	0.0	1847	plus
NC_000913.2_Escherichia_coli_str._K-12_substr._MG1655,_complete_genome_4060000:4061000	SRR10358486_NODE_12_length_125911_cov_22.441829	100.000	1000	0	0	1	1000	21464	22463	0.0	1847	plus
NC_000913.2_Escherichia_coli_str._K-12_substr._MG1655,_complete_genome_4060000:4061000	SRR10358485_NODE_14_length_126056_cov_18.097674	100.000	1000	0	0	1	1000	21464	22463	0.0	1847	plus
NC_000913.2_Escherichia_coli_str._K-12_substr._MG1655,_complete_genome_4060000:4061000	SRR10358491_NODE_14_length_125911_cov_19.123243	99.900	1000	1	0	1	1000	21464	22463	0.0	1842	plus
NC_000913.2_Escherichia_coli_str._K-12_substr._MG1655,_complete_genome_4060000:4061000	ASM886v1_BA000007.2	98.700	1000	13	0	1	1000	4857777	4858776	0.0	1775	plus
NC_000913.2_Escherichia_coli_str._K-12_substr._MG1655,_complete_genome_4060000:4061000	ASM666v1_AE005174.2	98.700	1000	13	0	1	1000	4926541	4927540	0.0	1775	plus
NC_000913.2_Escherichia_coli_str._K-12_substr._MG1655,_complete_genome_4060000:4061000	ASM2516v1_CP001846.1	98.700	1000	13	0	1	1000	4745049	4746048	0.0	1775	plus
NC_000913.2_Escherichia_coli_str._K-12_substr._MG1655,_complete_genome_4060000:4061000	ASM2222v1_CP001368.1	98.700	1000	13	0	1	1000	4916952	4917951	0.0	1775	plus
NC_000913.2_Escherichia_coli_str._K-12_substr._MG1655,_complete_genome_4060000:4061000	ASM17195v1_ABHQ01000006.1	98.700	1000	13	0	1	1000	139894	140893	0.0	1775	plus
NC_000913.2_Escherichia_coli_str._K-12_substr._MG1655,_complete_genome_4060000:4061000	ASM15512v1_CM000662.1	98.700	1000	13	0	1	1000	1901866	1900867	0.0	1775	minus
