NC_000913.2_Escherichia_coli_str._K-12_substr._MG1655,_complete_genome_2295000:2296000	SRR10358491_NODE_4_length_224192_cov_11.038949	100.000	1000	0	0	1	1000	217200	216201	0.0	1847	minus
NC_000913.2_Escherichia_coli_str._K-12_substr._MG1655,_complete_genome_2295000:2296000	SRR10358489_NODE_42_length_14713_cov_16.904703	100.000	1000	0	0	1	1000	6993	7992	0.0	1847	plus
NC_000913.2_Escherichia_coli_str._K-12_substr._MG1655,_complete_genome_2295000:2296000	SRR10358488_NODE_46_length_14713_cov_18.481078	100.000	1000	0	0	1	1000	6993	7992	0.0	1847	plus
NC_000913.2_Escherichia_coli_str._K-12_substr._MG1655,_complete_genome_2295000:2296000	SRR10358487_NODE_45_length_14713_cov_12.566571	100.000	1000	0	0	1	1000	6993	7992	0.0	1847	plus
NC_000913.2_Escherichia_coli_str._K-12_substr._MG1655,_complete_genome_2295000:2296000	SRR10358486_NODE_5_length_224417_cov_23.200682	100.000	1000	0	0	1	1000	6993	7992	0.0	1847	plus
NC_000913.2_Escherichia_coli_str._K-12_substr._MG1655,_complete_genome_2295000:2296000	SRR10358485_NODE_7_length_196189_cov_15.353786	100.000	1000	0	0	1	1000	189197	188198	0.0	1847	minus
NC_000913.2_Escherichia_coli_str._K-12_substr._MG1655,_complete_genome_2295000:2296000	ASM886v1_BA000007.2	99.000	1000	10	0	1	1000	3030532	3031531	0.0	1792	plus
NC_000913.2_Escherichia_coli_str._K-12_substr._MG1655,_complete_genome_2295000:2296000	ASM666v1_AE005174.2	99.000	1000	10	0	1	1000	3101801	3102800	0.0	1792	plus
NC_000913.2_Escherichia_coli_str._K-12_substr._MG1655,_complete_genome_2295000:2296000	ASM2516v1_CP001846.1	99.000	1000	10	0	1	1000	2771287	2772286	0.0	1792	plus
NC_000913.2_Escherichia_coli_str._K-12_substr._MG1655,_complete_genome_2295000:2296000	ASM2222v1_CP001368.1	99.000	1000	10	0	1	1000	3026765	3027764	0.0	1792	plus
NC_000913.2_Escherichia_coli_str._K-12_substr._MG1655,_complete_genome_2295000:2296000	ASM17195v1_ABHQ01000004.1	99.000	1000	10	0	1	1000	72268	73267	0.0	1792	plus
NC_000913.2_Escherichia_coli_str._K-12_substr._MG1655,_complete_genome_2295000:2296000	ASM15512v1_CM000662.1	99.000	1000	10	0	1	1000	3802897	3801898	0.0	1792	minus
