NC_000913.2_Escherichia_coli_str._K-12_substr._MG1655,_complete_genome_3160000:3161000	SRR10358491_NODE_27_length_55003_cov_15.707049	100.000	1000	0	0	1	1000	24242	23243	0.0	1847	minus
NC_000913.2_Escherichia_coli_str._K-12_substr._MG1655,_complete_genome_3160000:3161000	SRR10358489_NODE_26_length_55004_cov_17.735044	100.000	1000	0	0	1	1000	24243	23244	0.0	1847	minus
NC_000913.2_Escherichia_coli_str._K-12_substr._MG1655,_complete_genome_3160000:3161000	SRR10358488_NODE_27_length_55004_cov_19.342420	100.000	1000	0	0	1	1000	24243	23244	0.0	1847	minus
NC_000913.2_Escherichia_coli_str._K-12_substr._MG1655,_complete_genome_3160000:3161000	SRR10358487_NODE_28_length_55003_cov_13.196789	100.000	1000	0	0	1	1000	24243	23244	0.0	1847	minus
NC_000913.2_Escherichia_coli_str._K-12_substr._MG1655,_complete_genome_3160000:3161000	SRR10358486_NODE_25_length_55005_cov_22.393382	100.000	1000	0	0	1	1000	30762	31761	0.0	1847	plus
NC_000913.2_Escherichia_coli_str._K-12_substr._MG1655,_complete_genome_3160000:3161000	SRR10358485_NODE_27_length_55004_cov_17.457933	100.000	1000	0	0	1	1000	24243	23244	0.0	1847	minus
NC_000913.2_Escherichia_coli_str._K-12_substr._MG1655,_complete_genome_3160000:3161000	ASM886v1_BA000007.2	99.500	1000	5	0	1	1000	3902330	3903329	0.0	1820	plus
NC_000913.2_Escherichia_coli_str._K-12_substr._MG1655,_complete_genome_3160000:3161000	ASM666v1_AE005174.2	99.500	1000	5	0	1	1000	3969644	3970643	0.0	1820	plus
NC_000913.2_Escherichia_coli_str._K-12_substr._MG1655,_complete_genome_3160000:3161000	ASM2516v1_CP001846.1	99.500	1000	5	0	1	1000	3792083	3793082	0.0	1820	plus
NC_000913.2_Escherichia_coli_str._K-12_substr._MG1655,_complete_genome_3160000:3161000	ASM2222v1_CP001368.1	99.500	1000	5	0	1	1000	3961453	3962452	0.0	1820	plus
NC_000913.2_Escherichia_coli_str._K-12_substr._MG1655,_complete_genome_3160000:3161000	ASM17195v1_ABHQ01000011.1	99.500	1000	5	0	1	1000	109300	110299	0.0	1820	plus
NC_000913.2_Escherichia_coli_str._K-12_substr._MG1655,_complete_genome_3160000:3161000	ASM15512v1_CM000662.1	99.500	1000	5	0	1	1000	2870159	2869160	0.0	1820	minus
