NC_000913.2_Escherichia_coli_str._K-12_substr._MG1655,_complete_genome_520000:521000	SRR10358491_NODE_12_length_133160_cov_12.408290	100.000	1000	0	0	1	1000	127938	128937	0.0	1847	plus
NC_000913.2_Escherichia_coli_str._K-12_substr._MG1655,_complete_genome_520000:521000	SRR10358489_NODE_12_length_133159_cov_16.930054	100.000	1000	0	0	1	1000	5223	4224	0.0	1847	minus
NC_000913.2_Escherichia_coli_str._K-12_substr._MG1655,_complete_genome_520000:521000	SRR10358488_NODE_12_length_133159_cov_20.167283	100.000	1000	0	0	1	1000	127937	128936	0.0	1847	plus
NC_000913.2_Escherichia_coli_str._K-12_substr._MG1655,_complete_genome_520000:521000	SRR10358487_NODE_10_length_133159_cov_12.985349	100.000	1000	0	0	1	1000	127937	128936	0.0	1847	plus
NC_000913.2_Escherichia_coli_str._K-12_substr._MG1655,_complete_genome_520000:521000	SRR10358486_NODE_11_length_133159_cov_21.633427	100.000	1000	0	0	1	1000	5223	4224	0.0	1847	minus
NC_000913.2_Escherichia_coli_str._K-12_substr._MG1655,_complete_genome_520000:521000	SRR10358485_NODE_12_length_133159_cov_14.480824	100.000	1000	0	0	1	1000	127937	128936	0.0	1847	plus
NC_000913.2_Escherichia_coli_str._K-12_substr._MG1655,_complete_genome_520000:521000	ASM2516v1_CP001846.1	98.900	1000	11	0	1	1000	654571	655570	0.0	1786	plus
NC_000913.2_Escherichia_coli_str._K-12_substr._MG1655,_complete_genome_520000:521000	ASM886v1_BA000007.2	98.800	1000	12	0	1	1000	614574	615573	0.0	1781	plus
NC_000913.2_Escherichia_coli_str._K-12_substr._MG1655,_complete_genome_520000:521000	ASM666v1_AE005174.2	98.800	1000	12	0	1	1000	614268	615267	0.0	1781	plus
NC_000913.2_Escherichia_coli_str._K-12_substr._MG1655,_complete_genome_520000:521000	ASM15512v1_CM000662.1	98.800	1000	12	0	1	1000	646135	645136	0.0	1781	minus
NC_000913.2_Escherichia_coli_str._K-12_substr._MG1655,_complete_genome_520000:521000	ASM2222v1_CP001368.1	98.700	1000	13	0	1	1000	619434	620433	0.0	1775	plus
NC_000913.2_Escherichia_coli_str._K-12_substr._MG1655,_complete_genome_520000:521000	ASM17195v1_ABHQ01000002.1	98.700	1000	13	0	1	1000	92432	93431	0.0	1775	plus
