NC_000913.2_Escherichia_coli_str._K-12_substr._MG1655,_complete_genome_4405000:4406000	SRR10358491_NODE_11_length_172974_cov_18.551927	100.000	1000	0	0	1	1000	81019	82018	0.0	1847	plus
NC_000913.2_Escherichia_coli_str._K-12_substr._MG1655,_complete_genome_4405000:4406000	SRR10358489_NODE_10_length_172972_cov_18.049426	100.000	1000	0	0	1	1000	91955	90956	0.0	1847	minus
NC_000913.2_Escherichia_coli_str._K-12_substr._MG1655,_complete_genome_4405000:4406000	SRR10358488_NODE_10_length_172972_cov_22.460765	100.000	1000	0	0	1	1000	91955	90956	0.0	1847	minus
NC_000913.2_Escherichia_coli_str._K-12_substr._MG1655,_complete_genome_4405000:4406000	SRR10358487_NODE_2_length_285698_cov_13.222764	100.000	1000	0	0	1	1000	91955	90956	0.0	1847	minus
NC_000913.2_Escherichia_coli_str._K-12_substr._MG1655,_complete_genome_4405000:4406000	SRR10358486_NODE_10_length_172972_cov_23.959264	100.000	1000	0	0	1	1000	91955	90956	0.0	1847	minus
NC_000913.2_Escherichia_coli_str._K-12_substr._MG1655,_complete_genome_4405000:4406000	SRR10358485_NODE_11_length_172971_cov_19.874112	100.000	1000	0	0	1	1000	91954	90955	0.0	1847	minus
NC_000913.2_Escherichia_coli_str._K-12_substr._MG1655,_complete_genome_4405000:4406000	ASM2516v1_CP001846.1	98.000	1000	20	0	1	1000	5109114	5110113	0.0	1736	plus
NC_000913.2_Escherichia_coli_str._K-12_substr._MG1655,_complete_genome_4405000:4406000	ASM886v1_BA000007.2	97.900	1000	21	0	1	1000	5260704	5261703	0.0	1731	plus
NC_000913.2_Escherichia_coli_str._K-12_substr._MG1655,_complete_genome_4405000:4406000	ASM666v1_AE005174.2	97.900	1000	21	0	1	1000	5290690	5291689	0.0	1731	plus
NC_000913.2_Escherichia_coli_str._K-12_substr._MG1655,_complete_genome_4405000:4406000	ASM2222v1_CP001368.1	97.900	1000	21	0	1	1000	5291965	5292964	0.0	1731	plus
NC_000913.2_Escherichia_coli_str._K-12_substr._MG1655,_complete_genome_4405000:4406000	ASM17195v1_ABHQ01000005.1	97.900	1000	21	0	1	1000	247354	248353	0.0	1731	plus
NC_000913.2_Escherichia_coli_str._K-12_substr._MG1655,_complete_genome_4405000:4406000	ASM15512v1_CM000662.1	97.900	1000	21	0	1	1000	1537697	1536698	0.0	1731	minus
