NC_000913.2_Escherichia_coli_str._K-12_substr._MG1655,_complete_genome_4115000:4116000	SRR10358491_NODE_14_length_125911_cov_19.123243	100.000	1000	0	0	1	1000	76464	77463	0.0	1847	plus
NC_000913.2_Escherichia_coli_str._K-12_substr._MG1655,_complete_genome_4115000:4116000	SRR10358489_NODE_14_length_125911_cov_17.665220	100.000	1000	0	0	1	1000	76464	77463	0.0	1847	plus
NC_000913.2_Escherichia_coli_str._K-12_substr._MG1655,_complete_genome_4115000:4116000	SRR10358488_NODE_14_length_125911_cov_21.567998	100.000	1000	0	0	1	1000	76464	77463	0.0	1847	plus
NC_000913.2_Escherichia_coli_str._K-12_substr._MG1655,_complete_genome_4115000:4116000	SRR10358487_NODE_12_length_125911_cov_13.168662	100.000	1000	0	0	1	1000	76464	77463	0.0	1847	plus
NC_000913.2_Escherichia_coli_str._K-12_substr._MG1655,_complete_genome_4115000:4116000	SRR10358486_NODE_12_length_125911_cov_22.441829	100.000	1000	0	0	1	1000	76464	77463	0.0	1847	plus
NC_000913.2_Escherichia_coli_str._K-12_substr._MG1655,_complete_genome_4115000:4116000	SRR10358485_NODE_14_length_126056_cov_18.097674	100.000	1000	0	0	1	1000	76464	77463	0.0	1847	plus
NC_000913.2_Escherichia_coli_str._K-12_substr._MG1655,_complete_genome_4115000:4116000	ASM886v1_BA000007.2	99.500	1000	5	0	1	1000	4917032	4918031	0.0	1820	plus
NC_000913.2_Escherichia_coli_str._K-12_substr._MG1655,_complete_genome_4115000:4116000	ASM666v1_AE005174.2	99.500	1000	5	0	1	1000	4985796	4986795	0.0	1820	plus
NC_000913.2_Escherichia_coli_str._K-12_substr._MG1655,_complete_genome_4115000:4116000	ASM2516v1_CP001846.1	99.500	1000	5	0	1	1000	4804674	4805673	0.0	1820	plus
NC_000913.2_Escherichia_coli_str._K-12_substr._MG1655,_complete_genome_4115000:4116000	ASM2222v1_CP001368.1	99.500	1000	5	0	1	1000	4976205	4977204	0.0	1820	plus
NC_000913.2_Escherichia_coli_str._K-12_substr._MG1655,_complete_genome_4115000:4116000	ASM17195v1_ABHQ01000006.1	99.500	1000	5	0	1	1000	199147	200146	0.0	1820	plus
NC_000913.2_Escherichia_coli_str._K-12_substr._MG1655,_complete_genome_4115000:4116000	ASM15512v1_CM000662.1	99.500	1000	5	0	1	1000	1842611	1841612	0.0	1820	minus
