NC_000913.2_Escherichia_coli_str._K-12_substr._MG1655,_complete_genome_2360000:2361000	SRR10358491_NODE_4_length_224192_cov_11.038949	100.000	1000	0	0	1	1000	152427	151428	0.0	1847	minus
NC_000913.2_Escherichia_coli_str._K-12_substr._MG1655,_complete_genome_2360000:2361000	SRR10358489_NODE_6_length_209744_cov_17.155574	100.000	1000	0	0	1	1000	57320	58319	0.0	1847	plus
NC_000913.2_Escherichia_coli_str._K-12_substr._MG1655,_complete_genome_2360000:2361000	SRR10358488_NODE_5_length_209744_cov_17.813722	100.000	1000	0	0	1	1000	57320	58319	0.0	1847	plus
NC_000913.2_Escherichia_coli_str._K-12_substr._MG1655,_complete_genome_2360000:2361000	SRR10358487_NODE_6_length_209744_cov_13.217979	100.000	1000	0	0	1	1000	57320	58319	0.0	1847	plus
NC_000913.2_Escherichia_coli_str._K-12_substr._MG1655,_complete_genome_2360000:2361000	SRR10358486_NODE_5_length_224417_cov_23.200682	100.000	1000	0	0	1	1000	71993	72992	0.0	1847	plus
NC_000913.2_Escherichia_coli_str._K-12_substr._MG1655,_complete_genome_2360000:2361000	SRR10358485_NODE_7_length_196189_cov_15.353786	100.000	1000	0	0	1	1000	124423	123424	0.0	1847	minus
NC_000913.2_Escherichia_coli_str._K-12_substr._MG1655,_complete_genome_2360000:2361000	ASM886v1_BA000007.2	98.100	1000	19	0	1	1000	3092492	3093491	0.0	1742	plus
NC_000913.2_Escherichia_coli_str._K-12_substr._MG1655,_complete_genome_2360000:2361000	ASM666v1_AE005174.2	98.100	1000	19	0	1	1000	3162448	3163447	0.0	1742	plus
NC_000913.2_Escherichia_coli_str._K-12_substr._MG1655,_complete_genome_2360000:2361000	ASM2516v1_CP001846.1	98.100	1000	19	0	1	1000	2833386	2834385	0.0	1742	plus
NC_000913.2_Escherichia_coli_str._K-12_substr._MG1655,_complete_genome_2360000:2361000	ASM2222v1_CP001368.1	98.100	1000	19	0	1	1000	3088725	3089724	0.0	1742	plus
NC_000913.2_Escherichia_coli_str._K-12_substr._MG1655,_complete_genome_2360000:2361000	ASM17195v1_ABHQ01000004.1	98.100	1000	19	0	1	1000	134228	135227	0.0	1742	plus
NC_000913.2_Escherichia_coli_str._K-12_substr._MG1655,_complete_genome_2360000:2361000	ASM15512v1_CM000662.1	98.100	1000	19	0	1	1000	3740937	3739938	0.0	1742	minus
