NC_000913.2_Escherichia_coli_str._K-12_substr._MG1655,_complete_genome_3060000:3061000	SRR10358491_NODE_13_length_132705_cov_14.750735	100.000	1000	0	0	1	1000	64415	65414	0.0	1847	plus
NC_000913.2_Escherichia_coli_str._K-12_substr._MG1655,_complete_genome_3060000:3061000	SRR10358489_NODE_13_length_132705_cov_17.822784	100.000	1000	0	0	1	1000	68291	67292	0.0	1847	minus
NC_000913.2_Escherichia_coli_str._K-12_substr._MG1655,_complete_genome_3060000:3061000	SRR10358488_NODE_13_length_132705_cov_20.492306	100.000	1000	0	0	1	1000	68291	67292	0.0	1847	minus
NC_000913.2_Escherichia_coli_str._K-12_substr._MG1655,_complete_genome_3060000:3061000	SRR10358487_NODE_11_length_132705_cov_13.267216	100.000	1000	0	0	1	1000	68291	67292	0.0	1847	minus
NC_000913.2_Escherichia_coli_str._K-12_substr._MG1655,_complete_genome_3060000:3061000	SRR10358486_NODE_14_length_116578_cov_22.471271	100.000	1000	0	0	1	1000	48288	49287	0.0	1847	plus
NC_000913.2_Escherichia_coli_str._K-12_substr._MG1655,_complete_genome_3060000:3061000	SRR10358485_NODE_13_length_132704_cov_17.210240	100.000	1000	0	0	1	1000	68291	67292	0.0	1847	minus
NC_000913.2_Escherichia_coli_str._K-12_substr._MG1655,_complete_genome_3060000:3061000	ASM2516v1_CP001846.1	99.100	1000	9	0	1	1000	3623459	3624458	0.0	1797	plus
NC_000913.2_Escherichia_coli_str._K-12_substr._MG1655,_complete_genome_3060000:3061000	ASM886v1_BA000007.2	99.000	1000	10	0	1	1000	3799455	3800454	0.0	1792	plus
NC_000913.2_Escherichia_coli_str._K-12_substr._MG1655,_complete_genome_3060000:3061000	ASM666v1_AE005174.2	99.000	1000	10	0	1	1000	3866763	3867762	0.0	1792	plus
NC_000913.2_Escherichia_coli_str._K-12_substr._MG1655,_complete_genome_3060000:3061000	ASM2222v1_CP001368.1	99.000	1000	10	0	1	1000	3858578	3859577	0.0	1792	plus
NC_000913.2_Escherichia_coli_str._K-12_substr._MG1655,_complete_genome_3060000:3061000	ASM17195v1_ABHQ01000011.1	99.000	1000	10	0	1	1000	6425	7424	0.0	1792	plus
NC_000913.2_Escherichia_coli_str._K-12_substr._MG1655,_complete_genome_3060000:3061000	ASM15512v1_CM000662.1	99.000	1000	10	0	1	1000	2973035	2972036	0.0	1792	minus
