NC_000913.2_Escherichia_coli_str._K-12_substr._MG1655,_complete_genome_1350000:1351000	SRR10358491_NODE_2_length_297749_cov_9.123549	100.000	1000	0	0	1	1000	253502	254501	0.0	1847	plus
NC_000913.2_Escherichia_coli_str._K-12_substr._MG1655,_complete_genome_1350000:1351000	SRR10358489_NODE_3_length_282492_cov_16.393724	100.000	1000	0	0	1	1000	238299	239298	0.0	1847	plus
NC_000913.2_Escherichia_coli_str._K-12_substr._MG1655,_complete_genome_1350000:1351000	SRR10358488_NODE_2_length_297749_cov_17.298217	100.000	1000	0	0	1	1000	44248	43249	0.0	1847	minus
NC_000913.2_Escherichia_coli_str._K-12_substr._MG1655,_complete_genome_1350000:1351000	SRR10358487_NODE_13_length_124762_cov_12.884864	100.000	1000	0	0	1	1000	44248	43249	0.0	1847	minus
NC_000913.2_Escherichia_coli_str._K-12_substr._MG1655,_complete_genome_1350000:1351000	SRR10358486_NODE_3_length_282546_cov_23.823528	100.000	1000	0	0	1	1000	44248	43249	0.0	1847	minus
NC_000913.2_Escherichia_coli_str._K-12_substr._MG1655,_complete_genome_1350000:1351000	SRR10358485_NODE_2_length_297748_cov_15.299391	100.000	1000	0	0	1	1000	44248	43249	0.0	1847	minus
NC_000913.2_Escherichia_coli_str._K-12_substr._MG1655,_complete_genome_1350000:1351000	ASM886v1_BA000007.2	99.000	1000	10	0	1	1000	1859910	1860909	0.0	1792	plus
NC_000913.2_Escherichia_coli_str._K-12_substr._MG1655,_complete_genome_1350000:1351000	ASM666v1_AE005174.2	99.000	1000	10	0	1	1000	2227261	2226262	0.0	1792	minus
NC_000913.2_Escherichia_coli_str._K-12_substr._MG1655,_complete_genome_1350000:1351000	ASM2516v1_CP001846.1	99.000	1000	10	0	1	1000	1671997	1672996	0.0	1792	plus
NC_000913.2_Escherichia_coli_str._K-12_substr._MG1655,_complete_genome_1350000:1351000	ASM2222v1_CP001368.1	99.000	1000	10	0	1	1000	1825901	1826900	0.0	1792	plus
NC_000913.2_Escherichia_coli_str._K-12_substr._MG1655,_complete_genome_1350000:1351000	ASM17195v1_ABHQ01000035.1	99.000	1000	10	0	1	1000	21747	22746	0.0	1792	plus
NC_000913.2_Escherichia_coli_str._K-12_substr._MG1655,_complete_genome_1350000:1351000	ASM15512v1_CM000662.1	99.000	1000	10	0	1	1000	4942261	4941262	0.0	1792	minus
