NC_000913.2_Escherichia_coli_str._K-12_substr._MG1655,_complete_genome_4385000:4386000	SRR10358491_NODE_11_length_172974_cov_18.551927	100.000	1000	0	0	1	1000	61019	62018	0.0	1847	plus
NC_000913.2_Escherichia_coli_str._K-12_substr._MG1655,_complete_genome_4385000:4386000	SRR10358489_NODE_10_length_172972_cov_18.049426	100.000	1000	0	0	1	1000	111955	110956	0.0	1847	minus
NC_000913.2_Escherichia_coli_str._K-12_substr._MG1655,_complete_genome_4385000:4386000	SRR10358488_NODE_10_length_172972_cov_22.460765	100.000	1000	0	0	1	1000	111955	110956	0.0	1847	minus
NC_000913.2_Escherichia_coli_str._K-12_substr._MG1655,_complete_genome_4385000:4386000	SRR10358487_NODE_2_length_285698_cov_13.222764	100.000	1000	0	0	1	1000	111955	110956	0.0	1847	minus
NC_000913.2_Escherichia_coli_str._K-12_substr._MG1655,_complete_genome_4385000:4386000	SRR10358486_NODE_10_length_172972_cov_23.959264	100.000	1000	0	0	1	1000	111955	110956	0.0	1847	minus
NC_000913.2_Escherichia_coli_str._K-12_substr._MG1655,_complete_genome_4385000:4386000	SRR10358485_NODE_11_length_172971_cov_19.874112	100.000	1000	0	0	1	1000	111954	110955	0.0	1847	minus
NC_000913.2_Escherichia_coli_str._K-12_substr._MG1655,_complete_genome_4385000:4386000	ASM886v1_BA000007.2	97.300	1000	27	0	1	1000	5240703	5241702	0.0	1698	plus
NC_000913.2_Escherichia_coli_str._K-12_substr._MG1655,_complete_genome_4385000:4386000	ASM2516v1_CP001846.1	97.300	1000	27	0	1	1000	5089113	5090112	0.0	1698	plus
NC_000913.2_Escherichia_coli_str._K-12_substr._MG1655,_complete_genome_4385000:4386000	ASM2222v1_CP001368.1	97.300	1000	27	0	1	1000	5271964	5272963	0.0	1698	plus
NC_000913.2_Escherichia_coli_str._K-12_substr._MG1655,_complete_genome_4385000:4386000	ASM17195v1_ABHQ01000005.1	97.300	1000	27	0	1	1000	227465	228464	0.0	1698	plus
NC_000913.2_Escherichia_coli_str._K-12_substr._MG1655,_complete_genome_4385000:4386000	ASM15512v1_CM000662.1	97.300	1000	27	0	1	1000	1557698	1556699	0.0	1698	minus
NC_000913.2_Escherichia_coli_str._K-12_substr._MG1655,_complete_genome_4385000:4386000	ASM666v1_AE005174.2	97.200	1000	28	0	1	1000	5270688	5271687	0.0	1694	plus
