NC_000913.2_Escherichia_coli_str._K-12_substr._MG1655,_complete_genome_1760000:1761000	SRR10358491_NODE_6_length_208552_cov_7.941471	100.000	1000	0	0	1	1000	110554	111553	0.0	1847	plus
NC_000913.2_Escherichia_coli_str._K-12_substr._MG1655,_complete_genome_1760000:1761000	SRR10358489_NODE_1_length_414105_cov_16.439444	100.000	1000	0	0	1	1000	303550	302551	0.0	1847	minus
NC_000913.2_Escherichia_coli_str._K-12_substr._MG1655,_complete_genome_1760000:1761000	SRR10358488_NODE_1_length_414105_cov_16.407519	100.000	1000	0	0	1	1000	303550	302551	0.0	1847	minus
NC_000913.2_Escherichia_coli_str._K-12_substr._MG1655,_complete_genome_1760000:1761000	SRR10358487_NODE_1_length_414105_cov_12.682679	100.000	1000	0	0	1	1000	110556	111555	0.0	1847	plus
NC_000913.2_Escherichia_coli_str._K-12_substr._MG1655,_complete_genome_1760000:1761000	SRR10358486_NODE_1_length_414105_cov_23.445681	100.000	1000	0	0	1	1000	110556	111555	0.0	1847	plus
NC_000913.2_Escherichia_coli_str._K-12_substr._MG1655,_complete_genome_1760000:1761000	SRR10358485_NODE_5_length_228539_cov_14.517368	99.900	1000	1	0	1	1000	117984	116985	0.0	1842	minus
NC_000913.2_Escherichia_coli_str._K-12_substr._MG1655,_complete_genome_1760000:1761000	ASM886v1_BA000007.2	98.100	1000	19	0	1	1000	2361688	2362687	0.0	1742	plus
NC_000913.2_Escherichia_coli_str._K-12_substr._MG1655,_complete_genome_1760000:1761000	ASM666v1_AE005174.2	98.100	1000	19	0	1	1000	2436884	2437883	0.0	1742	plus
NC_000913.2_Escherichia_coli_str._K-12_substr._MG1655,_complete_genome_1760000:1761000	ASM2516v1_CP001846.1	98.100	1000	19	0	1	1000	2118994	2119993	0.0	1742	plus
NC_000913.2_Escherichia_coli_str._K-12_substr._MG1655,_complete_genome_1760000:1761000	ASM2222v1_CP001368.1	98.100	1000	19	0	1	1000	2266964	2267963	0.0	1742	plus
NC_000913.2_Escherichia_coli_str._K-12_substr._MG1655,_complete_genome_1760000:1761000	ASM17195v1_ABHQ01000013.1	98.100	1000	19	0	1	1000	4487	5486	0.0	1742	plus
NC_000913.2_Escherichia_coli_str._K-12_substr._MG1655,_complete_genome_1760000:1761000	ASM15512v1_CM000662.1	98.195	997	18	0	4	1000	4472974	4471978	0.0	1742	minus
