NC_000913.2_Escherichia_coli_str._K-12_substr._MG1655,_complete_genome_3575000:3576000	SRR10358491_NODE_16_length_112487_cov_17.130509	100.000	1000	0	0	1	1000	6576	5577	0.0	1847	minus
NC_000913.2_Escherichia_coli_str._K-12_substr._MG1655,_complete_genome_3575000:3576000	SRR10358489_NODE_16_length_112487_cov_17.533019	100.000	1000	0	0	1	1000	6576	5577	0.0	1847	minus
NC_000913.2_Escherichia_coli_str._K-12_substr._MG1655,_complete_genome_3575000:3576000	SRR10358488_NODE_16_length_112487_cov_19.848362	100.000	1000	0	0	1	1000	105912	106911	0.0	1847	plus
NC_000913.2_Escherichia_coli_str._K-12_substr._MG1655,_complete_genome_3575000:3576000	SRR10358487_NODE_15_length_112487_cov_13.092275	100.000	1000	0	0	1	1000	6576	5577	0.0	1847	minus
NC_000913.2_Escherichia_coli_str._K-12_substr._MG1655,_complete_genome_3575000:3576000	SRR10358486_NODE_15_length_112487_cov_21.745461	100.000	1000	0	0	1	1000	6576	5577	0.0	1847	minus
NC_000913.2_Escherichia_coli_str._K-12_substr._MG1655,_complete_genome_3575000:3576000	SRR10358485_NODE_16_length_112486_cov_17.007610	100.000	1000	0	0	1	1000	105911	106910	0.0	1847	plus
NC_000913.2_Escherichia_coli_str._K-12_substr._MG1655,_complete_genome_3575000:3576000	ASM886v1_BA000007.2	99.400	1000	6	0	1	1000	4296232	4297231	0.0	1814	plus
NC_000913.2_Escherichia_coli_str._K-12_substr._MG1655,_complete_genome_3575000:3576000	ASM666v1_AE005174.2	99.400	1000	6	0	1	1000	4363454	4364453	0.0	1814	plus
NC_000913.2_Escherichia_coli_str._K-12_substr._MG1655,_complete_genome_3575000:3576000	ASM2516v1_CP001846.1	99.400	1000	6	0	1	1000	4184824	4185823	0.0	1814	plus
NC_000913.2_Escherichia_coli_str._K-12_substr._MG1655,_complete_genome_3575000:3576000	ASM2222v1_CP001368.1	99.400	1000	6	0	1	1000	4355353	4356352	0.0	1814	plus
NC_000913.2_Escherichia_coli_str._K-12_substr._MG1655,_complete_genome_3575000:3576000	ASM17195v1_ABHQ01000003.1	99.400	1000	6	0	1	1000	99626	100625	0.0	1814	plus
NC_000913.2_Escherichia_coli_str._K-12_substr._MG1655,_complete_genome_3575000:3576000	ASM15512v1_CM000662.1	99.400	1000	6	0	1	1000	2476263	2475264	0.0	1814	minus
