NC_000913.2_Escherichia_coli_str._K-12_substr._MG1655,_complete_genome_3790000:3791000	SRR10358491_NODE_10_length_176019_cov_21.745196	100.000	1000	0	0	1	1000	149742	148743	0.0	1847	minus
NC_000913.2_Escherichia_coli_str._K-12_substr._MG1655,_complete_genome_3790000:3791000	SRR10358489_NODE_9_length_176019_cov_17.200299	100.000	1000	0	0	1	1000	149742	148743	0.0	1847	minus
NC_000913.2_Escherichia_coli_str._K-12_substr._MG1655,_complete_genome_3790000:3791000	SRR10358488_NODE_7_length_178712_cov_21.132391	100.000	1000	0	0	1	1000	28970	29969	0.0	1847	plus
NC_000913.2_Escherichia_coli_str._K-12_substr._MG1655,_complete_genome_3790000:3791000	SRR10358487_NODE_8_length_175868_cov_13.003135	100.000	1000	0	0	1	1000	149591	148592	0.0	1847	minus
NC_000913.2_Escherichia_coli_str._K-12_substr._MG1655,_complete_genome_3790000:3791000	SRR10358486_NODE_8_length_178711_cov_23.726185	100.000	1000	0	0	1	1000	28970	29969	0.0	1847	plus
NC_000913.2_Escherichia_coli_str._K-12_substr._MG1655,_complete_genome_3790000:3791000	SRR10358485_NODE_9_length_178561_cov_21.674995	100.000	1000	0	0	1	1000	149592	148593	0.0	1847	minus
NC_000913.2_Escherichia_coli_str._K-12_substr._MG1655,_complete_genome_3790000:3791000	ASM886v1_BA000007.2	99.100	1000	9	0	1	1000	4538811	4539810	0.0	1797	plus
NC_000913.2_Escherichia_coli_str._K-12_substr._MG1655,_complete_genome_3790000:3791000	ASM666v1_AE005174.2	99.100	1000	9	0	1	1000	4607793	4608792	0.0	1797	plus
NC_000913.2_Escherichia_coli_str._K-12_substr._MG1655,_complete_genome_3790000:3791000	ASM2516v1_CP001846.1	99.100	1000	9	0	1	1000	4428755	4429754	0.0	1797	plus
NC_000913.2_Escherichia_coli_str._K-12_substr._MG1655,_complete_genome_3790000:3791000	ASM2222v1_CP001368.1	99.100	1000	9	0	1	1000	4597956	4598955	0.0	1797	plus
NC_000913.2_Escherichia_coli_str._K-12_substr._MG1655,_complete_genome_3790000:3791000	ASM17195v1_ABHQ01000003.1	99.100	1000	9	0	1	1000	342229	343228	0.0	1797	plus
NC_000913.2_Escherichia_coli_str._K-12_substr._MG1655,_complete_genome_3790000:3791000	ASM15512v1_CM000662.1	99.100	1000	9	0	1	1000	2233687	2232688	0.0	1797	minus
