NC_000913.2_Escherichia_coli_str._K-12_substr._MG1655,_complete_genome_1660000:1661000	SRR10358491_NODE_6_length_208552_cov_7.941471	100.000	1000	0	0	1	1000	10555	11554	0.0	1847	plus
NC_000913.2_Escherichia_coli_str._K-12_substr._MG1655,_complete_genome_1660000:1661000	SRR10358489_NODE_1_length_414105_cov_16.439444	100.000	1000	0	0	1	1000	403550	402551	0.0	1847	minus
NC_000913.2_Escherichia_coli_str._K-12_substr._MG1655,_complete_genome_1660000:1661000	SRR10358488_NODE_1_length_414105_cov_16.407519	100.000	1000	0	0	1	1000	403550	402551	0.0	1847	minus
NC_000913.2_Escherichia_coli_str._K-12_substr._MG1655,_complete_genome_1660000:1661000	SRR10358487_NODE_1_length_414105_cov_12.682679	100.000	1000	0	0	1	1000	10556	11555	0.0	1847	plus
NC_000913.2_Escherichia_coli_str._K-12_substr._MG1655,_complete_genome_1660000:1661000	SRR10358486_NODE_1_length_414105_cov_23.445681	100.000	1000	0	0	1	1000	10556	11555	0.0	1847	plus
NC_000913.2_Escherichia_coli_str._K-12_substr._MG1655,_complete_genome_1660000:1661000	SRR10358485_NODE_5_length_228539_cov_14.517368	100.000	1000	0	0	1	1000	217984	216985	0.0	1847	minus
NC_000913.2_Escherichia_coli_str._K-12_substr._MG1655,_complete_genome_1660000:1661000	ASM886v1_BA000007.2	99.600	1000	4	0	1	1000	2261780	2262779	0.0	1825	plus
NC_000913.2_Escherichia_coli_str._K-12_substr._MG1655,_complete_genome_1660000:1661000	ASM2516v1_CP001846.1	99.600	1000	4	0	1	1000	2019086	2020085	0.0	1825	plus
NC_000913.2_Escherichia_coli_str._K-12_substr._MG1655,_complete_genome_1660000:1661000	ASM2222v1_CP001368.1	99.600	1000	4	0	1	1000	2167055	2168054	0.0	1825	plus
NC_000913.2_Escherichia_coli_str._K-12_substr._MG1655,_complete_genome_1660000:1661000	ASM17195v1_ABHQ01000024.1	99.600	1000	4	0	1	1000	7505	8504	0.0	1825	plus
NC_000913.2_Escherichia_coli_str._K-12_substr._MG1655,_complete_genome_1660000:1661000	ASM15512v1_CM000662.1	99.600	1000	4	0	1	1000	4572949	4571950	0.0	1825	minus
NC_000913.2_Escherichia_coli_str._K-12_substr._MG1655,_complete_genome_1660000:1661000	ASM666v1_AE005174.2	99.300	1000	7	0	1	1000	2337065	2338064	0.0	1814	plus
