NC_000913.2_Escherichia_coli_str._K-12_substr._MG1655,_complete_genome_1010000:1011000	SRR10358491_NODE_1_length_316522_cov_10.067103	100.000	1000	0	0	1	1000	277269	278268	0.0	1847	plus
NC_000913.2_Escherichia_coli_str._K-12_substr._MG1655,_complete_genome_1010000:1011000	SRR10358489_NODE_2_length_361112_cov_16.843946	100.000	1000	0	0	1	1000	277519	278518	0.0	1847	plus
NC_000913.2_Escherichia_coli_str._K-12_substr._MG1655,_complete_genome_1010000:1011000	SRR10358488_NODE_11_length_142450_cov_18.046781	100.000	1000	0	0	1	1000	103197	104196	0.0	1847	plus
NC_000913.2_Escherichia_coli_str._K-12_substr._MG1655,_complete_genome_1010000:1011000	SRR10358487_NODE_22_length_76851_cov_13.190384	100.000	1000	0	0	1	1000	37598	38597	0.0	1847	plus
NC_000913.2_Escherichia_coli_str._K-12_substr._MG1655,_complete_genome_1010000:1011000	SRR10358486_NODE_2_length_316163_cov_22.172335	100.000	1000	0	0	1	1000	276987	277986	0.0	1847	plus
NC_000913.2_Escherichia_coli_str._K-12_substr._MG1655,_complete_genome_1010000:1011000	SRR10358485_NODE_1_length_316175_cov_14.047515	100.000	1000	0	0	1	1000	276999	277998	0.0	1847	plus
NC_000913.2_Escherichia_coli_str._K-12_substr._MG1655,_complete_genome_1010000:1011000	ASM886v1_BA000007.2	98.195	997	18	0	1	997	1140249	1141245	0.0	1742	plus
NC_000913.2_Escherichia_coli_str._K-12_substr._MG1655,_complete_genome_1010000:1011000	ASM2516v1_CP001846.1	98.195	997	18	0	1	997	1237256	1238252	0.0	1742	plus
NC_000913.2_Escherichia_coli_str._K-12_substr._MG1655,_complete_genome_1010000:1011000	ASM2222v1_CP001368.1	98.195	997	18	0	1	997	1145198	1146194	0.0	1742	plus
NC_000913.2_Escherichia_coli_str._K-12_substr._MG1655,_complete_genome_1010000:1011000	ASM17195v1_ABHQ01000033.1	98.100	1000	19	0	1	1000	5895	4896	0.0	1742	minus
NC_000913.2_Escherichia_coli_str._K-12_substr._MG1655,_complete_genome_1010000:1011000	ASM15512v1_CM000662.1	98.100	1000	19	0	1	1000	111290	110291	0.0	1742	minus
NC_000913.2_Escherichia_coli_str._K-12_substr._MG1655,_complete_genome_1010000:1011000	ASM666v1_AE005174.2	97.994	997	20	0	1	997	1229472	1230468	0.0	1735	plus
