NC_000913.2_Escherichia_coli_str._K-12_substr._MG1655,_complete_genome_4380000:4381000	SRR10358491_NODE_11_length_172974_cov_18.551927	100.000	1000	0	0	1	1000	56019	57018	0.0	1847	plus
NC_000913.2_Escherichia_coli_str._K-12_substr._MG1655,_complete_genome_4380000:4381000	SRR10358489_NODE_10_length_172972_cov_18.049426	100.000	1000	0	0	1	1000	116955	115956	0.0	1847	minus
NC_000913.2_Escherichia_coli_str._K-12_substr._MG1655,_complete_genome_4380000:4381000	SRR10358488_NODE_10_length_172972_cov_22.460765	100.000	1000	0	0	1	1000	116955	115956	0.0	1847	minus
NC_000913.2_Escherichia_coli_str._K-12_substr._MG1655,_complete_genome_4380000:4381000	SRR10358487_NODE_2_length_285698_cov_13.222764	100.000	1000	0	0	1	1000	116955	115956	0.0	1847	minus
NC_000913.2_Escherichia_coli_str._K-12_substr._MG1655,_complete_genome_4380000:4381000	SRR10358486_NODE_10_length_172972_cov_23.959264	100.000	1000	0	0	1	1000	116955	115956	0.0	1847	minus
NC_000913.2_Escherichia_coli_str._K-12_substr._MG1655,_complete_genome_4380000:4381000	SRR10358485_NODE_11_length_172971_cov_19.874112	100.000	1000	0	0	1	1000	116954	115955	0.0	1847	minus
NC_000913.2_Escherichia_coli_str._K-12_substr._MG1655,_complete_genome_4380000:4381000	ASM886v1_BA000007.2	99.200	1000	8	0	1	1000	5236258	5237257	0.0	1803	plus
NC_000913.2_Escherichia_coli_str._K-12_substr._MG1655,_complete_genome_4380000:4381000	ASM666v1_AE005174.2	99.200	1000	8	0	1	1000	5266243	5267242	0.0	1803	plus
NC_000913.2_Escherichia_coli_str._K-12_substr._MG1655,_complete_genome_4380000:4381000	ASM2222v1_CP001368.1	99.200	1000	8	0	1	1000	5267519	5268518	0.0	1803	plus
NC_000913.2_Escherichia_coli_str._K-12_substr._MG1655,_complete_genome_4380000:4381000	ASM17195v1_ABHQ01000005.1	99.200	1000	8	0	1	1000	223020	224019	0.0	1803	plus
NC_000913.2_Escherichia_coli_str._K-12_substr._MG1655,_complete_genome_4380000:4381000	ASM15512v1_CM000662.1	99.200	1000	8	0	1	1000	1562143	1561144	0.0	1803	minus
NC_000913.2_Escherichia_coli_str._K-12_substr._MG1655,_complete_genome_4380000:4381000	ASM2516v1_CP001846.1	99.100	1000	9	0	1	1000	5084668	5085667	0.0	1797	plus
