NC_000913.2_Escherichia_coli_str._K-12_substr._MG1655,_complete_genome_2130000:2131000	SRR10358491_NODE_22_length_67473_cov_9.578550	100.000	1000	0	0	1	1000	29155	30154	0.0	1847	plus
NC_000913.2_Escherichia_coli_str._K-12_substr._MG1655,_complete_genome_2130000:2131000	SRR10358489_NODE_21_length_67474_cov_16.415653	100.000	1000	0	0	1	1000	29156	30155	0.0	1847	plus
NC_000913.2_Escherichia_coli_str._K-12_substr._MG1655,_complete_genome_2130000:2131000	SRR10358488_NODE_22_length_67474_cov_16.930598	100.000	1000	0	0	1	1000	29156	30155	0.0	1847	plus
NC_000913.2_Escherichia_coli_str._K-12_substr._MG1655,_complete_genome_2130000:2131000	SRR10358487_NODE_23_length_67474_cov_12.657772	100.000	1000	0	0	1	1000	38319	37320	0.0	1847	minus
NC_000913.2_Escherichia_coli_str._K-12_substr._MG1655,_complete_genome_2130000:2131000	SRR10358486_NODE_20_length_67474_cov_23.916477	100.000	1000	0	0	1	1000	29156	30155	0.0	1847	plus
NC_000913.2_Escherichia_coli_str._K-12_substr._MG1655,_complete_genome_2130000:2131000	SRR10358485_NODE_22_length_67474_cov_15.039749	100.000	1000	0	0	1	1000	29156	30155	0.0	1847	plus
NC_000913.2_Escherichia_coli_str._K-12_substr._MG1655,_complete_genome_2130000:2131000	ASM2516v1_CP001846.1	98.700	1000	13	0	1	1000	2587818	2588817	0.0	1775	plus
NC_000913.2_Escherichia_coli_str._K-12_substr._MG1655,_complete_genome_2130000:2131000	ASM886v1_BA000007.2	98.200	1000	18	0	1	1000	2807352	2808351	0.0	1748	plus
NC_000913.2_Escherichia_coli_str._K-12_substr._MG1655,_complete_genome_2130000:2131000	ASM666v1_AE005174.2	98.200	1000	18	0	1	1000	2877566	2878565	0.0	1748	plus
NC_000913.2_Escherichia_coli_str._K-12_substr._MG1655,_complete_genome_2130000:2131000	ASM2222v1_CP001368.1	98.200	1000	18	0	1	1000	2771168	2772167	0.0	1748	plus
NC_000913.2_Escherichia_coli_str._K-12_substr._MG1655,_complete_genome_2130000:2131000	ASM17195v1_ABHQ01000014.1	98.200	1000	18	0	1	1000	66797	67796	0.0	1748	plus
NC_000913.2_Escherichia_coli_str._K-12_substr._MG1655,_complete_genome_2130000:2131000	ASM15512v1_CM000662.1	98.200	1000	18	0	1	1000	4028318	4027319	0.0	1748	minus
