NC_000913.2_Escherichia_coli_str._K-12_substr._MG1655,_complete_genome_1610000:1611000	SRR10358491_NODE_23_length_61401_cov_8.235238	100.000	1000	0	0	1	1000	40302	41301	0.0	1847	plus
NC_000913.2_Escherichia_coli_str._K-12_substr._MG1655,_complete_genome_1610000:1611000	SRR10358489_NODE_22_length_61401_cov_16.196935	100.000	1000	0	0	1	1000	21100	20101	0.0	1847	minus
NC_000913.2_Escherichia_coli_str._K-12_substr._MG1655,_complete_genome_1610000:1611000	SRR10358488_NODE_23_length_61401_cov_14.802151	100.000	1000	0	0	1	1000	21100	20101	0.0	1847	minus
NC_000913.2_Escherichia_coli_str._K-12_substr._MG1655,_complete_genome_1610000:1611000	SRR10358487_NODE_24_length_61401_cov_12.485426	100.000	1000	0	0	1	1000	21100	20101	0.0	1847	minus
NC_000913.2_Escherichia_coli_str._K-12_substr._MG1655,_complete_genome_1610000:1611000	SRR10358486_NODE_21_length_61401_cov_26.849757	100.000	1000	0	0	1	1000	40302	41301	0.0	1847	plus
NC_000913.2_Escherichia_coli_str._K-12_substr._MG1655,_complete_genome_1610000:1611000	SRR10358485_NODE_23_length_61402_cov_17.404570	99.900	1000	1	0	1	1000	21100	20101	0.0	1842	minus
NC_000913.2_Escherichia_coli_str._K-12_substr._MG1655,_complete_genome_1610000:1611000	ASM2516v1_CP001846.1	98.400	1000	16	0	1	1000	1941305	1942304	0.0	1759	plus
NC_000913.2_Escherichia_coli_str._K-12_substr._MG1655,_complete_genome_1610000:1611000	ASM886v1_BA000007.2	98.300	1000	17	0	1	1000	2136388	2137387	0.0	1753	plus
NC_000913.2_Escherichia_coli_str._K-12_substr._MG1655,_complete_genome_1610000:1611000	ASM666v1_AE005174.2	98.300	1000	17	0	1	1000	1952084	1951085	0.0	1753	minus
NC_000913.2_Escherichia_coli_str._K-12_substr._MG1655,_complete_genome_1610000:1611000	ASM2222v1_CP001368.1	98.300	1000	17	0	1	1000	2049964	2050963	0.0	1753	plus
NC_000913.2_Escherichia_coli_str._K-12_substr._MG1655,_complete_genome_1610000:1611000	ASM17195v1_ABHQ01000009.1	98.300	1000	17	0	1	1000	115378	116377	0.0	1753	plus
NC_000913.2_Escherichia_coli_str._K-12_substr._MG1655,_complete_genome_1610000:1611000	ASM15512v1_CM000662.1	98.300	1000	17	0	1	1000	4667828	4666829	0.0	1753	minus
