NC_000913.2_Escherichia_coli_str._K-12_substr._MG1655,_complete_genome_1310000:1311000	SRR10358491_NODE_2_length_297749_cov_9.123549	100.000	1000	0	0	1	1000	213502	214501	0.0	1847	plus
NC_000913.2_Escherichia_coli_str._K-12_substr._MG1655,_complete_genome_1310000:1311000	SRR10358489_NODE_3_length_282492_cov_16.393724	100.000	1000	0	0	1	1000	198299	199298	0.0	1847	plus
NC_000913.2_Escherichia_coli_str._K-12_substr._MG1655,_complete_genome_1310000:1311000	SRR10358488_NODE_2_length_297749_cov_17.298217	100.000	1000	0	0	1	1000	84247	83248	0.0	1847	minus
NC_000913.2_Escherichia_coli_str._K-12_substr._MG1655,_complete_genome_1310000:1311000	SRR10358487_NODE_13_length_124762_cov_12.884864	100.000	1000	0	0	1	1000	84248	83249	0.0	1847	minus
NC_000913.2_Escherichia_coli_str._K-12_substr._MG1655,_complete_genome_1310000:1311000	SRR10358486_NODE_3_length_282546_cov_23.823528	100.000	1000	0	0	1	1000	84248	83249	0.0	1847	minus
NC_000913.2_Escherichia_coli_str._K-12_substr._MG1655,_complete_genome_1310000:1311000	SRR10358485_NODE_2_length_297748_cov_15.299391	100.000	1000	0	0	1	1000	84246	83247	0.0	1847	minus
NC_000913.2_Escherichia_coli_str._K-12_substr._MG1655,_complete_genome_1310000:1311000	ASM886v1_BA000007.2	99.600	1000	4	0	1	1000	1754822	1755821	0.0	1825	plus
NC_000913.2_Escherichia_coli_str._K-12_substr._MG1655,_complete_genome_1310000:1311000	ASM666v1_AE005174.2	99.600	1000	4	0	1	1000	1846761	1847760	0.0	1825	plus
NC_000913.2_Escherichia_coli_str._K-12_substr._MG1655,_complete_genome_1310000:1311000	ASM2516v1_CP001846.1	99.600	1000	4	0	1	1000	1572068	1573067	0.0	1825	plus
NC_000913.2_Escherichia_coli_str._K-12_substr._MG1655,_complete_genome_1310000:1311000	ASM2222v1_CP001368.1	99.600	1000	4	0	1	1000	1675292	1676291	0.0	1825	plus
NC_000913.2_Escherichia_coli_str._K-12_substr._MG1655,_complete_genome_1310000:1311000	ASM17195v1_ABHQ01000040.1	99.600	1000	4	0	1	1000	16717	17716	0.0	1825	plus
NC_000913.2_Escherichia_coli_str._K-12_substr._MG1655,_complete_genome_1310000:1311000	ASM15512v1_CM000662.1	99.600	1000	4	0	1	1000	5076422	5075423	0.0	1825	minus
