NC_000913.2_Escherichia_coli_str._K-12_substr._MG1655,_complete_genome_3000000:3001000	SRR10358489_NODE_13_length_132705_cov_17.822784	100.000	1000	0	0	1	1000	128291	127292	0.0	1847	minus
NC_000913.2_Escherichia_coli_str._K-12_substr._MG1655,_complete_genome_3000000:3001000	SRR10358488_NODE_13_length_132705_cov_20.492306	100.000	1000	0	0	1	1000	128291	127292	0.0	1847	minus
NC_000913.2_Escherichia_coli_str._K-12_substr._MG1655,_complete_genome_3000000:3001000	SRR10358487_NODE_11_length_132705_cov_13.267216	100.000	1000	0	0	1	1000	128291	127292	0.0	1847	minus
NC_000913.2_Escherichia_coli_str._K-12_substr._MG1655,_complete_genome_3000000:3001000	SRR10358486_NODE_45_length_16383_cov_23.688300	100.000	1000	0	0	1	1000	11970	10971	0.0	1847	minus
NC_000913.2_Escherichia_coli_str._K-12_substr._MG1655,_complete_genome_3000000:3001000	SRR10358485_NODE_13_length_132704_cov_17.210240	100.000	1000	0	0	1	1000	128290	127291	0.0	1847	minus
NC_000913.2_Escherichia_coli_str._K-12_substr._MG1655,_complete_genome_3000000:3001000	SRR10358491_NODE_13_length_132705_cov_14.750735	99.900	1000	1	0	1	1000	4415	5414	0.0	1842	plus
NC_000913.2_Escherichia_coli_str._K-12_substr._MG1655,_complete_genome_3000000:3001000	ASM886v1_BA000007.2	99.200	1000	8	0	1	1000	3740310	3741309	0.0	1803	plus
NC_000913.2_Escherichia_coli_str._K-12_substr._MG1655,_complete_genome_3000000:3001000	ASM2222v1_CP001368.1	99.200	1000	8	0	1	1000	3799433	3800432	0.0	1803	plus
NC_000913.2_Escherichia_coli_str._K-12_substr._MG1655,_complete_genome_3000000:3001000	ASM17195v1_ABHQ01000001.1	99.200	1000	8	0	1	1000	488631	489630	0.0	1803	plus
NC_000913.2_Escherichia_coli_str._K-12_substr._MG1655,_complete_genome_3000000:3001000	ASM15512v1_CM000662.1	99.200	1000	8	0	1	1000	3032181	3031182	0.0	1803	minus
NC_000913.2_Escherichia_coli_str._K-12_substr._MG1655,_complete_genome_3000000:3001000	ASM2516v1_CP001846.1	99.100	1000	9	0	1	1000	3564314	3565313	0.0	1797	plus
NC_000913.2_Escherichia_coli_str._K-12_substr._MG1655,_complete_genome_3000000:3001000	ASM666v1_AE005174.2	99.000	1000	10	0	1	1000	3807616	3808615	0.0	1796	plus
