NC_000913.2_Escherichia_coli_str._K-12_substr._MG1655,_complete_genome_4095000:4096000	SRR10358491_NODE_14_length_125911_cov_19.123243	99.900	1000	1	0	1	1000	56464	57463	0.0	1842	plus
NC_000913.2_Escherichia_coli_str._K-12_substr._MG1655,_complete_genome_4095000:4096000	SRR10358489_NODE_14_length_125911_cov_17.665220	99.900	1000	1	0	1	1000	56464	57463	0.0	1842	plus
NC_000913.2_Escherichia_coli_str._K-12_substr._MG1655,_complete_genome_4095000:4096000	SRR10358488_NODE_14_length_125911_cov_21.567998	99.900	1000	1	0	1	1000	56464	57463	0.0	1842	plus
NC_000913.2_Escherichia_coli_str._K-12_substr._MG1655,_complete_genome_4095000:4096000	SRR10358487_NODE_12_length_125911_cov_13.168662	99.900	1000	1	0	1	1000	56464	57463	0.0	1842	plus
NC_000913.2_Escherichia_coli_str._K-12_substr._MG1655,_complete_genome_4095000:4096000	SRR10358486_NODE_12_length_125911_cov_22.441829	99.900	1000	1	0	1	1000	56464	57463	0.0	1842	plus
NC_000913.2_Escherichia_coli_str._K-12_substr._MG1655,_complete_genome_4095000:4096000	SRR10358485_NODE_14_length_126056_cov_18.097674	99.900	1000	1	0	1	1000	56464	57463	0.0	1842	plus
NC_000913.2_Escherichia_coli_str._K-12_substr._MG1655,_complete_genome_4095000:4096000	ASM886v1_BA000007.2	99.700	1000	3	0	1	1000	4896938	4897937	0.0	1831	plus
NC_000913.2_Escherichia_coli_str._K-12_substr._MG1655,_complete_genome_4095000:4096000	ASM666v1_AE005174.2	99.700	1000	3	0	1	1000	4965702	4966701	0.0	1831	plus
NC_000913.2_Escherichia_coli_str._K-12_substr._MG1655,_complete_genome_4095000:4096000	ASM2516v1_CP001846.1	99.700	1000	3	0	1	1000	4784580	4785579	0.0	1831	plus
NC_000913.2_Escherichia_coli_str._K-12_substr._MG1655,_complete_genome_4095000:4096000	ASM2222v1_CP001368.1	99.700	1000	3	0	1	1000	4956111	4957110	0.0	1831	plus
NC_000913.2_Escherichia_coli_str._K-12_substr._MG1655,_complete_genome_4095000:4096000	ASM17195v1_ABHQ01000006.1	99.700	1000	3	0	1	1000	179053	180052	0.0	1831	plus
NC_000913.2_Escherichia_coli_str._K-12_substr._MG1655,_complete_genome_4095000:4096000	ASM15512v1_CM000662.1	99.700	1000	3	0	1	1000	1862705	1861706	0.0	1831	minus
