NC_000913.2_Escherichia_coli_str._K-12_substr._MG1655,_complete_genome_2800000:2801000	SRR10358491_NODE_3_length_265729_cov_14.094081	100.000	1000	0	0	1	1000	71222	72221	0.0	1847	plus
NC_000913.2_Escherichia_coli_str._K-12_substr._MG1655,_complete_genome_2800000:2801000	SRR10358489_NODE_4_length_265730_cov_16.911326	100.000	1000	0	0	1	1000	71222	72221	0.0	1847	plus
NC_000913.2_Escherichia_coli_str._K-12_substr._MG1655,_complete_genome_2800000:2801000	SRR10358488_NODE_3_length_265730_cov_20.485303	100.000	1000	0	0	1	1000	194509	193510	0.0	1847	minus
NC_000913.2_Escherichia_coli_str._K-12_substr._MG1655,_complete_genome_2800000:2801000	SRR10358487_NODE_3_length_265730_cov_13.011318	100.000	1000	0	0	1	1000	194509	193510	0.0	1847	minus
NC_000913.2_Escherichia_coli_str._K-12_substr._MG1655,_complete_genome_2800000:2801000	SRR10358486_NODE_4_length_265730_cov_24.677873	100.000	1000	0	0	1	1000	71222	72221	0.0	1847	plus
NC_000913.2_Escherichia_coli_str._K-12_substr._MG1655,_complete_genome_2800000:2801000	SRR10358485_NODE_3_length_265727_cov_18.045960	99.900	1000	1	0	1	1000	71222	72221	0.0	1842	plus
NC_000913.2_Escherichia_coli_str._K-12_substr._MG1655,_complete_genome_2800000:2801000	ASM886v1_BA000007.2	99.500	1000	5	0	1	1000	3526129	3527128	0.0	1820	plus
NC_000913.2_Escherichia_coli_str._K-12_substr._MG1655,_complete_genome_2800000:2801000	ASM666v1_AE005174.2	99.500	1000	5	0	1	1000	3593419	3594418	0.0	1820	plus
NC_000913.2_Escherichia_coli_str._K-12_substr._MG1655,_complete_genome_2800000:2801000	ASM2516v1_CP001846.1	99.500	1000	5	0	1	1000	3363873	3364872	0.0	1820	plus
NC_000913.2_Escherichia_coli_str._K-12_substr._MG1655,_complete_genome_2800000:2801000	ASM2222v1_CP001368.1	99.500	1000	5	0	1	1000	3585090	3586089	0.0	1820	plus
NC_000913.2_Escherichia_coli_str._K-12_substr._MG1655,_complete_genome_2800000:2801000	ASM17195v1_ABHQ01000001.1	99.500	1000	5	0	1	1000	274289	275288	0.0	1820	plus
NC_000913.2_Escherichia_coli_str._K-12_substr._MG1655,_complete_genome_2800000:2801000	ASM15512v1_CM000662.1	99.500	1000	5	0	1	1000	3246366	3245367	0.0	1820	minus
