NC_000913.2_Escherichia_coli_str._K-12_substr._MG1655,_complete_genome_1475000:1476000	SRR10358491_NODE_25_length_58529_cov_8.104260	100.000	1000	0	0	1	1000	51475	50476	0.0	1847	minus
NC_000913.2_Escherichia_coli_str._K-12_substr._MG1655,_complete_genome_1475000:1476000	SRR10358489_NODE_24_length_58064_cov_15.965911	100.000	1000	0	0	1	1000	51477	50478	0.0	1847	minus
NC_000913.2_Escherichia_coli_str._K-12_substr._MG1655,_complete_genome_1475000:1476000	SRR10358488_NODE_25_length_58064_cov_16.571224	100.000	1000	0	0	1	1000	51477	50478	0.0	1847	minus
NC_000913.2_Escherichia_coli_str._K-12_substr._MG1655,_complete_genome_1475000:1476000	SRR10358487_NODE_26_length_58064_cov_13.577144	100.000	1000	0	0	1	1000	6588	7587	0.0	1847	plus
NC_000913.2_Escherichia_coli_str._K-12_substr._MG1655,_complete_genome_1475000:1476000	SRR10358486_NODE_23_length_58064_cov_24.328322	100.000	1000	0	0	1	1000	6588	7587	0.0	1847	plus
NC_000913.2_Escherichia_coli_str._K-12_substr._MG1655,_complete_genome_1475000:1476000	SRR10358485_NODE_25_length_58063_cov_14.453449	100.000	1000	0	0	1	1000	51476	50477	0.0	1847	minus
NC_000913.2_Escherichia_coli_str._K-12_substr._MG1655,_complete_genome_1475000:1476000	ASM886v1_BA000007.2	97.500	1000	25	0	1	1000	1992810	1993809	0.0	1709	plus
NC_000913.2_Escherichia_coli_str._K-12_substr._MG1655,_complete_genome_1475000:1476000	ASM666v1_AE005174.2	97.500	1000	25	0	1	1000	2095668	2094669	0.0	1709	minus
NC_000913.2_Escherichia_coli_str._K-12_substr._MG1655,_complete_genome_1475000:1476000	ASM2222v1_CP001368.1	97.500	1000	25	0	1	1000	1906376	1907375	0.0	1709	plus
NC_000913.2_Escherichia_coli_str._K-12_substr._MG1655,_complete_genome_1475000:1476000	ASM17195v1_ABHQ01000018.1	97.500	1000	25	0	1	1000	71507	72506	0.0	1709	plus
NC_000913.2_Escherichia_coli_str._K-12_substr._MG1655,_complete_genome_1475000:1476000	ASM15512v1_CM000662.1	97.500	1000	25	0	1	1000	4808750	4807751	0.0	1709	minus
NC_000913.2_Escherichia_coli_str._K-12_substr._MG1655,_complete_genome_1475000:1476000	ASM2516v1_CP001846.1	97.300	1000	27	0	1	1000	1797280	1798279	0.0	1698	plus
