NC_000913.2_Escherichia_coli_str._K-12_substr._MG1655,_complete_genome_3415000:3416000	SRR10358491_NODE_26_length_57161_cov_16.956254	100.000	1000	0	0	1	1000	50352	51351	0.0	1847	plus
NC_000913.2_Escherichia_coli_str._K-12_substr._MG1655,_complete_genome_3415000:3416000	SRR10358489_NODE_25_length_57161_cov_17.423239	100.000	1000	0	0	1	1000	50352	51351	0.0	1847	plus
NC_000913.2_Escherichia_coli_str._K-12_substr._MG1655,_complete_genome_3415000:3416000	SRR10358488_NODE_26_length_57161_cov_21.299383	100.000	1000	0	0	1	1000	50352	51351	0.0	1847	plus
NC_000913.2_Escherichia_coli_str._K-12_substr._MG1655,_complete_genome_3415000:3416000	SRR10358487_NODE_27_length_57161_cov_13.392099	100.000	1000	0	0	1	1000	6810	5811	0.0	1847	minus
NC_000913.2_Escherichia_coli_str._K-12_substr._MG1655,_complete_genome_3415000:3416000	SRR10358486_NODE_24_length_57161_cov_23.028790	100.000	1000	0	0	1	1000	50352	51351	0.0	1847	plus
NC_000913.2_Escherichia_coli_str._K-12_substr._MG1655,_complete_genome_3415000:3416000	SRR10358485_NODE_26_length_57162_cov_18.253984	100.000	1000	0	0	1	1000	6810	5811	0.0	1847	minus
NC_000913.2_Escherichia_coli_str._K-12_substr._MG1655,_complete_genome_3415000:3416000	ASM886v1_BA000007.2	98.600	1000	14	0	1	1000	4151983	4152982	0.0	1770	plus
NC_000913.2_Escherichia_coli_str._K-12_substr._MG1655,_complete_genome_3415000:3416000	ASM666v1_AE005174.2	98.600	1000	14	0	1	1000	4219201	4220200	0.0	1770	plus
NC_000913.2_Escherichia_coli_str._K-12_substr._MG1655,_complete_genome_3415000:3416000	ASM2516v1_CP001846.1	98.600	1000	14	0	1	1000	4040711	4041710	0.0	1770	plus
NC_000913.2_Escherichia_coli_str._K-12_substr._MG1655,_complete_genome_3415000:3416000	ASM2222v1_CP001368.1	98.600	1000	14	0	1	1000	4209791	4210790	0.0	1770	plus
NC_000913.2_Escherichia_coli_str._K-12_substr._MG1655,_complete_genome_3415000:3416000	ASM17195v1_ABHQ01000030.1	98.600	1000	14	0	1	1000	11468	12467	0.0	1770	plus
NC_000913.2_Escherichia_coli_str._K-12_substr._MG1655,_complete_genome_3415000:3416000	ASM15512v1_CM000662.1	98.600	1000	14	0	1	1000	2620505	2619506	0.0	1770	minus
