NC_000913.2_Escherichia_coli_str._K-12_substr._MG1655,_complete_genome_1035000:1036000	SRR10358491_NODE_1_length_316522_cov_10.067103	100.000	1000	0	0	1	1000	302269	303268	0.0	1847	plus
NC_000913.2_Escherichia_coli_str._K-12_substr._MG1655,_complete_genome_1035000:1036000	SRR10358489_NODE_2_length_361112_cov_16.843946	100.000	1000	0	0	1	1000	302519	303518	0.0	1847	plus
NC_000913.2_Escherichia_coli_str._K-12_substr._MG1655,_complete_genome_1035000:1036000	SRR10358488_NODE_11_length_142450_cov_18.046781	100.000	1000	0	0	1	1000	128197	129196	0.0	1847	plus
NC_000913.2_Escherichia_coli_str._K-12_substr._MG1655,_complete_genome_1035000:1036000	SRR10358487_NODE_22_length_76851_cov_13.190384	100.000	1000	0	0	1	1000	62598	63597	0.0	1847	plus
NC_000913.2_Escherichia_coli_str._K-12_substr._MG1655,_complete_genome_1035000:1036000	SRR10358486_NODE_2_length_316163_cov_22.172335	100.000	1000	0	0	1	1000	301987	302986	0.0	1847	plus
NC_000913.2_Escherichia_coli_str._K-12_substr._MG1655,_complete_genome_1035000:1036000	SRR10358485_NODE_1_length_316175_cov_14.047515	100.000	1000	0	0	1	1000	301999	302998	0.0	1847	plus
NC_000913.2_Escherichia_coli_str._K-12_substr._MG1655,_complete_genome_1035000:1036000	ASM886v1_BA000007.2	97.500	1000	25	0	1	1000	1214898	1215897	0.0	1709	plus
NC_000913.2_Escherichia_coli_str._K-12_substr._MG1655,_complete_genome_1035000:1036000	ASM2516v1_CP001846.1	97.500	1000	25	0	1	1000	1262255	1263254	0.0	1709	plus
NC_000913.2_Escherichia_coli_str._K-12_substr._MG1655,_complete_genome_1035000:1036000	ASM2222v1_CP001368.1	97.500	1000	25	0	1	1000	1220217	1221216	0.0	1709	plus
NC_000913.2_Escherichia_coli_str._K-12_substr._MG1655,_complete_genome_1035000:1036000	ASM17195v1_ABHQ01000007.1	97.500	1000	25	0	1	1000	68453	69452	0.0	1709	plus
NC_000913.2_Escherichia_coli_str._K-12_substr._MG1655,_complete_genome_1035000:1036000	ASM15512v1_CM000662.1	97.500	1000	25	0	1	1000	36501	35502	0.0	1709	minus
NC_000913.2_Escherichia_coli_str._K-12_substr._MG1655,_complete_genome_1035000:1036000	ASM666v1_AE005174.2	97.400	1000	26	0	1	1000	1299715	1300714	0.0	1705	plus
