NC_000913.2_Escherichia_coli_str._K-12_substr._MG1655,_complete_genome_1705000:1706000	SRR10358491_NODE_6_length_208552_cov_7.941471	100.000	1000	0	0	1	1000	55555	56554	0.0	1847	plus
NC_000913.2_Escherichia_coli_str._K-12_substr._MG1655,_complete_genome_1705000:1706000	SRR10358489_NODE_1_length_414105_cov_16.439444	100.000	1000	0	0	1	1000	358550	357551	0.0	1847	minus
NC_000913.2_Escherichia_coli_str._K-12_substr._MG1655,_complete_genome_1705000:1706000	SRR10358488_NODE_1_length_414105_cov_16.407519	100.000	1000	0	0	1	1000	358550	357551	0.0	1847	minus
NC_000913.2_Escherichia_coli_str._K-12_substr._MG1655,_complete_genome_1705000:1706000	SRR10358487_NODE_1_length_414105_cov_12.682679	100.000	1000	0	0	1	1000	55556	56555	0.0	1847	plus
NC_000913.2_Escherichia_coli_str._K-12_substr._MG1655,_complete_genome_1705000:1706000	SRR10358486_NODE_1_length_414105_cov_23.445681	100.000	1000	0	0	1	1000	55556	56555	0.0	1847	plus
NC_000913.2_Escherichia_coli_str._K-12_substr._MG1655,_complete_genome_1705000:1706000	SRR10358485_NODE_5_length_228539_cov_14.517368	100.000	1000	0	0	1	1000	172984	171985	0.0	1847	minus
NC_000913.2_Escherichia_coli_str._K-12_substr._MG1655,_complete_genome_1705000:1706000	ASM886v1_BA000007.2	98.300	1000	17	0	1	1000	2306608	2307607	0.0	1753	plus
NC_000913.2_Escherichia_coli_str._K-12_substr._MG1655,_complete_genome_1705000:1706000	ASM2516v1_CP001846.1	98.300	1000	17	0	1	1000	2063913	2064912	0.0	1753	plus
NC_000913.2_Escherichia_coli_str._K-12_substr._MG1655,_complete_genome_1705000:1706000	ASM2222v1_CP001368.1	98.300	1000	17	0	1	1000	2211884	2212883	0.0	1753	plus
NC_000913.2_Escherichia_coli_str._K-12_substr._MG1655,_complete_genome_1705000:1706000	ASM17195v1_ABHQ01000024.1	98.300	1000	17	0	1	1000	52334	53333	0.0	1753	plus
NC_000913.2_Escherichia_coli_str._K-12_substr._MG1655,_complete_genome_1705000:1706000	ASM15512v1_CM000662.1	98.300	1000	17	0	1	1000	4528057	4527058	0.0	1753	minus
NC_000913.2_Escherichia_coli_str._K-12_substr._MG1655,_complete_genome_1705000:1706000	ASM666v1_AE005174.2	98.200	1000	18	0	1	1000	2381896	2382895	0.0	1749	plus
