NC_000913.2_Escherichia_coli_str._K-12_substr._MG1655,_complete_genome_2795000:2796000	SRR10358491_NODE_3_length_265729_cov_14.094081	100.000	1000	0	0	1	1000	66222	67221	0.0	1847	plus
NC_000913.2_Escherichia_coli_str._K-12_substr._MG1655,_complete_genome_2795000:2796000	SRR10358489_NODE_4_length_265730_cov_16.911326	100.000	1000	0	0	1	1000	66222	67221	0.0	1847	plus
NC_000913.2_Escherichia_coli_str._K-12_substr._MG1655,_complete_genome_2795000:2796000	SRR10358488_NODE_3_length_265730_cov_20.485303	100.000	1000	0	0	1	1000	199509	198510	0.0	1847	minus
NC_000913.2_Escherichia_coli_str._K-12_substr._MG1655,_complete_genome_2795000:2796000	SRR10358487_NODE_3_length_265730_cov_13.011318	100.000	1000	0	0	1	1000	199509	198510	0.0	1847	minus
NC_000913.2_Escherichia_coli_str._K-12_substr._MG1655,_complete_genome_2795000:2796000	SRR10358486_NODE_4_length_265730_cov_24.677873	100.000	1000	0	0	1	1000	66222	67221	0.0	1847	plus
NC_000913.2_Escherichia_coli_str._K-12_substr._MG1655,_complete_genome_2795000:2796000	SRR10358485_NODE_3_length_265727_cov_18.045960	100.000	1000	0	0	1	1000	66222	67221	0.0	1847	plus
NC_000913.2_Escherichia_coli_str._K-12_substr._MG1655,_complete_genome_2795000:2796000	ASM2516v1_CP001846.1	98.400	1000	16	0	1	1000	3356910	3357909	0.0	1759	plus
NC_000913.2_Escherichia_coli_str._K-12_substr._MG1655,_complete_genome_2795000:2796000	ASM886v1_BA000007.2	98.300	1000	17	0	1	1000	3519166	3520165	0.0	1753	plus
NC_000913.2_Escherichia_coli_str._K-12_substr._MG1655,_complete_genome_2795000:2796000	ASM666v1_AE005174.2	98.300	1000	17	0	1	1000	3586456	3587455	0.0	1753	plus
NC_000913.2_Escherichia_coli_str._K-12_substr._MG1655,_complete_genome_2795000:2796000	ASM2222v1_CP001368.1	98.300	1000	17	0	1	1000	3578127	3579126	0.0	1753	plus
NC_000913.2_Escherichia_coli_str._K-12_substr._MG1655,_complete_genome_2795000:2796000	ASM17195v1_ABHQ01000001.1	98.300	1000	17	0	1	1000	267326	268325	0.0	1753	plus
NC_000913.2_Escherichia_coli_str._K-12_substr._MG1655,_complete_genome_2795000:2796000	ASM15512v1_CM000662.1	98.300	1000	17	0	1	1000	3253330	3252331	0.0	1753	minus
