NC_000913.2_Escherichia_coli_str._K-12_substr._MG1655,_complete_genome_980000:981000	SRR10358491_NODE_1_length_316522_cov_10.067103	100.000	1000	0	0	1	1000	247269	248268	0.0	1847	plus
NC_000913.2_Escherichia_coli_str._K-12_substr._MG1655,_complete_genome_980000:981000	SRR10358489_NODE_2_length_361112_cov_16.843946	100.000	1000	0	0	1	1000	247519	248518	0.0	1847	plus
NC_000913.2_Escherichia_coli_str._K-12_substr._MG1655,_complete_genome_980000:981000	SRR10358488_NODE_11_length_142450_cov_18.046781	100.000	1000	0	0	1	1000	73197	74196	0.0	1847	plus
NC_000913.2_Escherichia_coli_str._K-12_substr._MG1655,_complete_genome_980000:981000	SRR10358487_NODE_22_length_76851_cov_13.190384	100.000	1000	0	0	1	1000	7598	8597	0.0	1847	plus
NC_000913.2_Escherichia_coli_str._K-12_substr._MG1655,_complete_genome_980000:981000	SRR10358486_NODE_2_length_316163_cov_22.172335	100.000	1000	0	0	1	1000	246987	247986	0.0	1847	plus
NC_000913.2_Escherichia_coli_str._K-12_substr._MG1655,_complete_genome_980000:981000	SRR10358485_NODE_1_length_316175_cov_14.047515	100.000	1000	0	0	1	1000	246998	247997	0.0	1847	plus
NC_000913.2_Escherichia_coli_str._K-12_substr._MG1655,_complete_genome_980000:981000	ASM2516v1_CP001846.1	99.400	1000	6	0	1	1000	1207432	1208431	0.0	1814	plus
NC_000913.2_Escherichia_coli_str._K-12_substr._MG1655,_complete_genome_980000:981000	ASM886v1_BA000007.2	99.300	1000	7	0	1	1000	1110420	1111419	0.0	1808	plus
NC_000913.2_Escherichia_coli_str._K-12_substr._MG1655,_complete_genome_980000:981000	ASM666v1_AE005174.2	99.300	1000	7	0	1	1000	1199643	1200642	0.0	1808	plus
NC_000913.2_Escherichia_coli_str._K-12_substr._MG1655,_complete_genome_980000:981000	ASM2222v1_CP001368.1	99.300	1000	7	0	1	1000	1115369	1116368	0.0	1808	plus
NC_000913.2_Escherichia_coli_str._K-12_substr._MG1655,_complete_genome_980000:981000	ASM17195v1_ABHQ01000038.1	99.300	1000	7	0	1	1000	18918	19917	0.0	1808	plus
NC_000913.2_Escherichia_coli_str._K-12_substr._MG1655,_complete_genome_980000:981000	ASM15512v1_CM000662.1	99.300	1000	7	0	1	1000	141119	140120	0.0	1808	minus
