NC_000913.2_Escherichia_coli_str._K-12_substr._MG1655,_complete_genome_4085000:4086000	SRR10358489_NODE_14_length_125911_cov_17.665220	100.000	1000	0	0	1	1000	46464	47463	0.0	1847	plus
NC_000913.2_Escherichia_coli_str._K-12_substr._MG1655,_complete_genome_4085000:4086000	SRR10358488_NODE_14_length_125911_cov_21.567998	100.000	1000	0	0	1	1000	46464	47463	0.0	1847	plus
NC_000913.2_Escherichia_coli_str._K-12_substr._MG1655,_complete_genome_4085000:4086000	SRR10358487_NODE_12_length_125911_cov_13.168662	100.000	1000	0	0	1	1000	46464	47463	0.0	1847	plus
NC_000913.2_Escherichia_coli_str._K-12_substr._MG1655,_complete_genome_4085000:4086000	SRR10358486_NODE_12_length_125911_cov_22.441829	100.000	1000	0	0	1	1000	46464	47463	0.0	1847	plus
NC_000913.2_Escherichia_coli_str._K-12_substr._MG1655,_complete_genome_4085000:4086000	SRR10358485_NODE_14_length_126056_cov_18.097674	100.000	1000	0	0	1	1000	46464	47463	0.0	1847	plus
NC_000913.2_Escherichia_coli_str._K-12_substr._MG1655,_complete_genome_4085000:4086000	SRR10358491_NODE_14_length_125911_cov_19.123243	99.900	1000	1	0	1	1000	46464	47463	0.0	1842	plus
NC_000913.2_Escherichia_coli_str._K-12_substr._MG1655,_complete_genome_4085000:4086000	ASM2516v1_CP001846.1	97.800	1000	22	0	1	1000	4772882	4773881	0.0	1725	plus
NC_000913.2_Escherichia_coli_str._K-12_substr._MG1655,_complete_genome_4085000:4086000	ASM886v1_BA000007.2	97.700	1000	23	0	1	1000	4885614	4886613	0.0	1720	plus
NC_000913.2_Escherichia_coli_str._K-12_substr._MG1655,_complete_genome_4085000:4086000	ASM666v1_AE005174.2	97.700	1000	23	0	1	1000	4954378	4955377	0.0	1720	plus
NC_000913.2_Escherichia_coli_str._K-12_substr._MG1655,_complete_genome_4085000:4086000	ASM2222v1_CP001368.1	97.700	1000	23	0	1	1000	4944787	4945786	0.0	1720	plus
NC_000913.2_Escherichia_coli_str._K-12_substr._MG1655,_complete_genome_4085000:4086000	ASM17195v1_ABHQ01000006.1	97.700	1000	23	0	1	1000	167729	168728	0.0	1720	plus
NC_000913.2_Escherichia_coli_str._K-12_substr._MG1655,_complete_genome_4085000:4086000	ASM15512v1_CM000662.1	97.700	1000	23	0	1	1000	1874029	1873030	0.0	1720	minus
