NC_000913.2_Escherichia_coli_str._K-12_substr._MG1655,_complete_genome_3550000:3551000	SRR10358491_NODE_16_length_112487_cov_17.130509	100.000	1000	0	0	1	1000	31576	30577	0.0	1847	minus
NC_000913.2_Escherichia_coli_str._K-12_substr._MG1655,_complete_genome_3550000:3551000	SRR10358489_NODE_16_length_112487_cov_17.533019	100.000	1000	0	0	1	1000	31576	30577	0.0	1847	minus
NC_000913.2_Escherichia_coli_str._K-12_substr._MG1655,_complete_genome_3550000:3551000	SRR10358488_NODE_16_length_112487_cov_19.848362	100.000	1000	0	0	1	1000	80912	81911	0.0	1847	plus
NC_000913.2_Escherichia_coli_str._K-12_substr._MG1655,_complete_genome_3550000:3551000	SRR10358487_NODE_15_length_112487_cov_13.092275	100.000	1000	0	0	1	1000	31576	30577	0.0	1847	minus
NC_000913.2_Escherichia_coli_str._K-12_substr._MG1655,_complete_genome_3550000:3551000	SRR10358486_NODE_15_length_112487_cov_21.745461	100.000	1000	0	0	1	1000	31576	30577	0.0	1847	minus
NC_000913.2_Escherichia_coli_str._K-12_substr._MG1655,_complete_genome_3550000:3551000	SRR10358485_NODE_16_length_112486_cov_17.007610	100.000	1000	0	0	1	1000	80912	81911	0.0	1847	plus
NC_000913.2_Escherichia_coli_str._K-12_substr._MG1655,_complete_genome_3550000:3551000	ASM886v1_BA000007.2	98.800	1000	12	0	1	1000	4264087	4265086	0.0	1781	plus
NC_000913.2_Escherichia_coli_str._K-12_substr._MG1655,_complete_genome_3550000:3551000	ASM666v1_AE005174.2	98.800	1000	12	0	1	1000	4331309	4332308	0.0	1781	plus
NC_000913.2_Escherichia_coli_str._K-12_substr._MG1655,_complete_genome_3550000:3551000	ASM2516v1_CP001846.1	98.800	1000	12	0	1	1000	4152707	4153706	0.0	1781	plus
NC_000913.2_Escherichia_coli_str._K-12_substr._MG1655,_complete_genome_3550000:3551000	ASM2222v1_CP001368.1	98.800	1000	12	0	1	1000	4323208	4324207	0.0	1781	plus
NC_000913.2_Escherichia_coli_str._K-12_substr._MG1655,_complete_genome_3550000:3551000	ASM17195v1_ABHQ01000003.1	98.800	1000	12	0	1	1000	67481	68480	0.0	1781	plus
NC_000913.2_Escherichia_coli_str._K-12_substr._MG1655,_complete_genome_3550000:3551000	ASM15512v1_CM000662.1	98.800	1000	12	0	1	1000	2508379	2507380	0.0	1781	minus
