NC_000913.2_Escherichia_coli_str._K-12_substr._MG1655,_complete_genome_4110000:4111000	SRR10358491_NODE_14_length_125911_cov_19.123243	100.000	1000	0	0	1	1000	71464	72463	0.0	1847	plus
NC_000913.2_Escherichia_coli_str._K-12_substr._MG1655,_complete_genome_4110000:4111000	SRR10358489_NODE_14_length_125911_cov_17.665220	100.000	1000	0	0	1	1000	71464	72463	0.0	1847	plus
NC_000913.2_Escherichia_coli_str._K-12_substr._MG1655,_complete_genome_4110000:4111000	SRR10358488_NODE_14_length_125911_cov_21.567998	100.000	1000	0	0	1	1000	71464	72463	0.0	1847	plus
NC_000913.2_Escherichia_coli_str._K-12_substr._MG1655,_complete_genome_4110000:4111000	SRR10358487_NODE_12_length_125911_cov_13.168662	100.000	1000	0	0	1	1000	71464	72463	0.0	1847	plus
NC_000913.2_Escherichia_coli_str._K-12_substr._MG1655,_complete_genome_4110000:4111000	SRR10358486_NODE_12_length_125911_cov_22.441829	100.000	1000	0	0	1	1000	71464	72463	0.0	1847	plus
NC_000913.2_Escherichia_coli_str._K-12_substr._MG1655,_complete_genome_4110000:4111000	SRR10358485_NODE_14_length_126056_cov_18.097674	100.000	1000	0	0	1	1000	71464	72463	0.0	1847	plus
NC_000913.2_Escherichia_coli_str._K-12_substr._MG1655,_complete_genome_4110000:4111000	ASM886v1_BA000007.2	99.200	1000	8	0	1	1000	4911937	4912936	0.0	1803	plus
NC_000913.2_Escherichia_coli_str._K-12_substr._MG1655,_complete_genome_4110000:4111000	ASM666v1_AE005174.2	99.200	1000	8	0	1	1000	4980701	4981700	0.0	1803	plus
NC_000913.2_Escherichia_coli_str._K-12_substr._MG1655,_complete_genome_4110000:4111000	ASM2222v1_CP001368.1	99.200	1000	8	0	1	1000	4971110	4972109	0.0	1803	plus
NC_000913.2_Escherichia_coli_str._K-12_substr._MG1655,_complete_genome_4110000:4111000	ASM17195v1_ABHQ01000006.1	99.200	1000	8	0	1	1000	194052	195051	0.0	1803	plus
NC_000913.2_Escherichia_coli_str._K-12_substr._MG1655,_complete_genome_4110000:4111000	ASM15512v1_CM000662.1	99.200	1000	8	0	1	1000	1847706	1846707	0.0	1803	minus
NC_000913.2_Escherichia_coli_str._K-12_substr._MG1655,_complete_genome_4110000:4111000	ASM2516v1_CP001846.1	99.100	1000	9	0	1	1000	4799579	4800578	0.0	1797	plus
