NC_000913.2_Escherichia_coli_str._K-12_substr._MG1655,_complete_genome_1165000:1166000	SRR10358491_NODE_2_length_297749_cov_9.123549	100.000	1000	0	0	1	1000	68502	69501	0.0	1847	plus
NC_000913.2_Escherichia_coli_str._K-12_substr._MG1655,_complete_genome_1165000:1166000	SRR10358489_NODE_3_length_282492_cov_16.393724	100.000	1000	0	0	1	1000	68503	69502	0.0	1847	plus
NC_000913.2_Escherichia_coli_str._K-12_substr._MG1655,_complete_genome_1165000:1166000	SRR10358487_NODE_9_length_159351_cov_12.740033	100.000	1000	0	0	1	1000	89308	88309	0.0	1847	minus
NC_000913.2_Escherichia_coli_str._K-12_substr._MG1655,_complete_genome_1165000:1166000	SRR10358486_NODE_3_length_282546_cov_23.823528	100.000	1000	0	0	1	1000	214044	213045	0.0	1847	minus
NC_000913.2_Escherichia_coli_str._K-12_substr._MG1655,_complete_genome_1165000:1166000	SRR10358488_NODE_2_length_297749_cov_17.298217	99.900	1000	1	0	1	1000	229247	228248	0.0	1842	minus
NC_000913.2_Escherichia_coli_str._K-12_substr._MG1655,_complete_genome_1165000:1166000	SRR10358485_NODE_2_length_297748_cov_15.299391	99.900	1000	1	0	1	1000	229246	228247	0.0	1842	minus
NC_000913.2_Escherichia_coli_str._K-12_substr._MG1655,_complete_genome_1165000:1166000	ASM886v1_BA000007.2	98.600	1000	14	0	1	1000	1524885	1525884	0.0	1770	plus
NC_000913.2_Escherichia_coli_str._K-12_substr._MG1655,_complete_genome_1165000:1166000	ASM2516v1_CP001846.1	98.600	1000	14	0	1	1000	1423310	1424309	0.0	1770	plus
NC_000913.2_Escherichia_coli_str._K-12_substr._MG1655,_complete_genome_1165000:1166000	ASM2222v1_CP001368.1	98.600	1000	14	0	1	1000	1468764	1469763	0.0	1770	plus
NC_000913.2_Escherichia_coli_str._K-12_substr._MG1655,_complete_genome_1165000:1166000	ASM17195v1_ABHQ01000025.1	98.600	1000	14	0	1	1000	10695	11694	0.0	1770	plus
NC_000913.2_Escherichia_coli_str._K-12_substr._MG1655,_complete_genome_1165000:1166000	ASM15512v1_CM000662.1	98.600	1000	14	0	1	1000	5306360	5305361	0.0	1770	minus
NC_000913.2_Escherichia_coli_str._K-12_substr._MG1655,_complete_genome_1165000:1166000	ASM666v1_AE005174.2	98.501	1001	14	1	1	1000	1609980	1610980	0.0	1764	plus
