NC_000913.2_Escherichia_coli_str._K-12_substr._MG1655,_complete_genome_875000:876000	SRR10358489_NODE_2_length_361112_cov_16.843946	100.000	1000	0	0	1	1000	142519	143518	0.0	1847	plus
NC_000913.2_Escherichia_coli_str._K-12_substr._MG1655,_complete_genome_875000:876000	SRR10358487_NODE_4_length_239915_cov_13.054765	100.000	1000	0	0	1	1000	97652	96653	0.0	1847	minus
NC_000913.2_Escherichia_coli_str._K-12_substr._MG1655,_complete_genome_875000:876000	SRR10358486_NODE_2_length_316163_cov_22.172335	100.000	1000	0	0	1	1000	141998	142997	0.0	1847	plus
NC_000913.2_Escherichia_coli_str._K-12_substr._MG1655,_complete_genome_875000:876000	SRR10358491_NODE_1_length_316522_cov_10.067103	99.900	1000	1	0	1	1000	142268	143267	0.0	1842	plus
NC_000913.2_Escherichia_coli_str._K-12_substr._MG1655,_complete_genome_875000:876000	SRR10358488_NODE_9_length_175923_cov_18.772873	99.900	1000	1	0	1	1000	144139	145138	0.0	1842	plus
NC_000913.2_Escherichia_coli_str._K-12_substr._MG1655,_complete_genome_875000:876000	SRR10358485_NODE_1_length_316175_cov_14.047515	99.900	1000	1	0	1	1000	141997	142996	0.0	1842	plus
NC_000913.2_Escherichia_coli_str._K-12_substr._MG1655,_complete_genome_875000:876000	ASM2516v1_CP001846.1	98.418	885	14	0	1	885	1097132	1098016	0.0	1557	plus
NC_000913.2_Escherichia_coli_str._K-12_substr._MG1655,_complete_genome_875000:876000	ASM2222v1_CP001368.1	98.418	885	14	0	1	885	1005068	1005952	0.0	1557	plus
NC_000913.2_Escherichia_coli_str._K-12_substr._MG1655,_complete_genome_875000:876000	ASM17195v1_ABHQ01000002.1	98.418	885	14	0	1	885	478067	478951	0.0	1557	plus
NC_000913.2_Escherichia_coli_str._K-12_substr._MG1655,_complete_genome_875000:876000	ASM886v1_BA000007.2	98.305	885	15	0	1	885	1000112	1000996	0.0	1552	plus
NC_000913.2_Escherichia_coli_str._K-12_substr._MG1655,_complete_genome_875000:876000	ASM666v1_AE005174.2	98.305	885	15	0	1	885	1001770	1002654	0.0	1552	plus
NC_000913.2_Escherichia_coli_str._K-12_substr._MG1655,_complete_genome_875000:876000	ASM15512v1_CM000662.1	98.305	885	15	0	1	885	260614	259730	0.0	1552	minus
