NC_000913.2_Escherichia_coli_str._K-12_substr._MG1655,_complete_genome_1980000:1981000	SRR10358491_NODE_7_length_205567_cov_8.951061	100.000	1000	0	0	1	1000	84326	83327	0.0	1847	minus
NC_000913.2_Escherichia_coli_str._K-12_substr._MG1655,_complete_genome_1980000:1981000	SRR10358489_NODE_1_length_414105_cov_16.439444	100.000	1000	0	0	1	1000	84326	83327	0.0	1847	minus
NC_000913.2_Escherichia_coli_str._K-12_substr._MG1655,_complete_genome_1980000:1981000	SRR10358488_NODE_1_length_414105_cov_16.407519	100.000	1000	0	0	1	1000	84326	83327	0.0	1847	minus
NC_000913.2_Escherichia_coli_str._K-12_substr._MG1655,_complete_genome_1980000:1981000	SRR10358487_NODE_1_length_414105_cov_12.682679	100.000	1000	0	0	1	1000	329780	330779	0.0	1847	plus
NC_000913.2_Escherichia_coli_str._K-12_substr._MG1655,_complete_genome_1980000:1981000	SRR10358486_NODE_1_length_414105_cov_23.445681	100.000	1000	0	0	1	1000	329780	330779	0.0	1847	plus
NC_000913.2_Escherichia_coli_str._K-12_substr._MG1655,_complete_genome_1980000:1981000	SRR10358485_NODE_8_length_185826_cov_15.041890	100.000	1000	0	0	1	1000	84327	83328	0.0	1847	minus
NC_000913.2_Escherichia_coli_str._K-12_substr._MG1655,_complete_genome_1980000:1981000	ASM2516v1_CP001846.1	97.700	1000	23	0	1	1000	2374088	2375087	0.0	1720	plus
NC_000913.2_Escherichia_coli_str._K-12_substr._MG1655,_complete_genome_1980000:1981000	ASM886v1_BA000007.2	97.600	1000	24	0	1	1000	2583129	2584128	0.0	1714	plus
NC_000913.2_Escherichia_coli_str._K-12_substr._MG1655,_complete_genome_1980000:1981000	ASM666v1_AE005174.2	97.600	1000	24	0	1	1000	2658340	2659339	0.0	1714	plus
NC_000913.2_Escherichia_coli_str._K-12_substr._MG1655,_complete_genome_1980000:1981000	ASM2222v1_CP001368.1	97.600	1000	24	0	1	1000	2488404	2489403	0.0	1714	plus
NC_000913.2_Escherichia_coli_str._K-12_substr._MG1655,_complete_genome_1980000:1981000	ASM17195v1_ABHQ01000021.1	97.600	1000	24	0	1	1000	74575	75574	0.0	1714	plus
NC_000913.2_Escherichia_coli_str._K-12_substr._MG1655,_complete_genome_1980000:1981000	ASM15512v1_CM000662.1	97.600	1000	24	0	1	1000	4250227	4249228	0.0	1714	minus
