NC_000913.2_Escherichia_coli_str._K-12_substr._MG1655,_complete_genome_1000000:1001000	SRR10358491_NODE_1_length_316522_cov_10.067103	100.000	1000	0	0	1	1000	267269	268268	0.0	1847	plus
NC_000913.2_Escherichia_coli_str._K-12_substr._MG1655,_complete_genome_1000000:1001000	SRR10358489_NODE_2_length_361112_cov_16.843946	100.000	1000	0	0	1	1000	267519	268518	0.0	1847	plus
NC_000913.2_Escherichia_coli_str._K-12_substr._MG1655,_complete_genome_1000000:1001000	SRR10358488_NODE_11_length_142450_cov_18.046781	100.000	1000	0	0	1	1000	93197	94196	0.0	1847	plus
NC_000913.2_Escherichia_coli_str._K-12_substr._MG1655,_complete_genome_1000000:1001000	SRR10358487_NODE_22_length_76851_cov_13.190384	100.000	1000	0	0	1	1000	27598	28597	0.0	1847	plus
NC_000913.2_Escherichia_coli_str._K-12_substr._MG1655,_complete_genome_1000000:1001000	SRR10358486_NODE_2_length_316163_cov_22.172335	100.000	1000	0	0	1	1000	266987	267986	0.0	1847	plus
NC_000913.2_Escherichia_coli_str._K-12_substr._MG1655,_complete_genome_1000000:1001000	SRR10358485_NODE_1_length_316175_cov_14.047515	100.000	1000	0	0	1	1000	266999	267998	0.0	1847	plus
NC_000913.2_Escherichia_coli_str._K-12_substr._MG1655,_complete_genome_1000000:1001000	ASM2516v1_CP001846.1	97.800	1000	22	0	1	1000	1227255	1228254	0.0	1725	plus
NC_000913.2_Escherichia_coli_str._K-12_substr._MG1655,_complete_genome_1000000:1001000	ASM886v1_BA000007.2	97.700	1000	23	0	1	1000	1130249	1131248	0.0	1720	plus
NC_000913.2_Escherichia_coli_str._K-12_substr._MG1655,_complete_genome_1000000:1001000	ASM666v1_AE005174.2	97.700	1000	23	0	1	1000	1219472	1220471	0.0	1720	plus
NC_000913.2_Escherichia_coli_str._K-12_substr._MG1655,_complete_genome_1000000:1001000	ASM2222v1_CP001368.1	97.700	1000	23	0	1	1000	1135198	1136197	0.0	1720	plus
NC_000913.2_Escherichia_coli_str._K-12_substr._MG1655,_complete_genome_1000000:1001000	ASM17195v1_ABHQ01000033.1	97.700	1000	23	0	1	1000	15895	14896	0.0	1720	minus
NC_000913.2_Escherichia_coli_str._K-12_substr._MG1655,_complete_genome_1000000:1001000	ASM15512v1_CM000662.1	97.700	1000	23	0	1	1000	121290	120291	0.0	1720	minus
