NC_000913.2_Escherichia_coli_str._K-12_substr._MG1655,_complete_genome_2740000:2741000	SRR10358489_NODE_4_length_265730_cov_16.911326	100.000	1000	0	0	1	1000	11222	12221	0.0	1847	plus
NC_000913.2_Escherichia_coli_str._K-12_substr._MG1655,_complete_genome_2740000:2741000	SRR10358488_NODE_3_length_265730_cov_20.485303	100.000	1000	0	0	1	1000	254509	253510	0.0	1847	minus
NC_000913.2_Escherichia_coli_str._K-12_substr._MG1655,_complete_genome_2740000:2741000	SRR10358487_NODE_3_length_265730_cov_13.011318	100.000	1000	0	0	1	1000	254509	253510	0.0	1847	minus
NC_000913.2_Escherichia_coli_str._K-12_substr._MG1655,_complete_genome_2740000:2741000	SRR10358486_NODE_4_length_265730_cov_24.677873	100.000	1000	0	0	1	1000	11222	12221	0.0	1847	plus
NC_000913.2_Escherichia_coli_str._K-12_substr._MG1655,_complete_genome_2740000:2741000	SRR10358485_NODE_3_length_265727_cov_18.045960	100.000	1000	0	0	1	1000	11222	12221	0.0	1847	plus
NC_000913.2_Escherichia_coli_str._K-12_substr._MG1655,_complete_genome_2740000:2741000	SRR10358491_NODE_3_length_265729_cov_14.094081	99.800	1000	2	0	1	1000	11222	12221	0.0	1836	plus
NC_000913.2_Escherichia_coli_str._K-12_substr._MG1655,_complete_genome_2740000:2741000	ASM2516v1_CP001846.1	99.500	1000	5	0	1	1000	3244634	3245633	0.0	1820	plus
NC_000913.2_Escherichia_coli_str._K-12_substr._MG1655,_complete_genome_2740000:2741000	ASM886v1_BA000007.2	99.400	1000	6	0	1	1000	3462098	3463097	0.0	1814	plus
NC_000913.2_Escherichia_coli_str._K-12_substr._MG1655,_complete_genome_2740000:2741000	ASM666v1_AE005174.2	99.400	1000	6	0	1	1000	3531947	3532946	0.0	1814	plus
NC_000913.2_Escherichia_coli_str._K-12_substr._MG1655,_complete_genome_2740000:2741000	ASM2222v1_CP001368.1	99.400	1000	6	0	1	1000	3521084	3522083	0.0	1814	plus
NC_000913.2_Escherichia_coli_str._K-12_substr._MG1655,_complete_genome_2740000:2741000	ASM17195v1_ABHQ01000001.1	99.400	1000	6	0	1	1000	210289	211288	0.0	1814	plus
NC_000913.2_Escherichia_coli_str._K-12_substr._MG1655,_complete_genome_2740000:2741000	ASM15512v1_CM000662.1	99.200	1000	6	1	1	1000	3310168	3309171	0.0	1801	minus
