NC_000913.2_Escherichia_coli_str._K-12_substr._MG1655,_complete_genome_4485000:4486000	SRR10358491_NODE_11_length_172974_cov_18.551927	100.000	1000	0	0	1	1000	161020	162019	0.0	1847	plus
NC_000913.2_Escherichia_coli_str._K-12_substr._MG1655,_complete_genome_4485000:4486000	SRR10358489_NODE_10_length_172972_cov_18.049426	100.000	1000	0	0	1	1000	11955	10956	0.0	1847	minus
NC_000913.2_Escherichia_coli_str._K-12_substr._MG1655,_complete_genome_4485000:4486000	SRR10358488_NODE_10_length_172972_cov_22.460765	100.000	1000	0	0	1	1000	11955	10956	0.0	1847	minus
NC_000913.2_Escherichia_coli_str._K-12_substr._MG1655,_complete_genome_4485000:4486000	SRR10358487_NODE_2_length_285698_cov_13.222764	100.000	1000	0	0	1	1000	11955	10956	0.0	1847	minus
NC_000913.2_Escherichia_coli_str._K-12_substr._MG1655,_complete_genome_4485000:4486000	SRR10358486_NODE_10_length_172972_cov_23.959264	100.000	1000	0	0	1	1000	11955	10956	0.0	1847	minus
NC_000913.2_Escherichia_coli_str._K-12_substr._MG1655,_complete_genome_4485000:4486000	SRR10358485_NODE_11_length_172971_cov_19.874112	100.000	1000	0	0	1	1000	11955	10956	0.0	1847	minus
NC_000913.2_Escherichia_coli_str._K-12_substr._MG1655,_complete_genome_4485000:4486000	ASM886v1_BA000007.2	99.400	1000	6	0	1	1000	5342569	5343568	0.0	1814	plus
NC_000913.2_Escherichia_coli_str._K-12_substr._MG1655,_complete_genome_4485000:4486000	ASM2516v1_CP001846.1	99.400	1000	6	0	1	1000	5191070	5192069	0.0	1814	plus
NC_000913.2_Escherichia_coli_str._K-12_substr._MG1655,_complete_genome_4485000:4486000	ASM2222v1_CP001368.1	99.400	1000	6	0	1	1000	5373777	5374776	0.0	1814	plus
NC_000913.2_Escherichia_coli_str._K-12_substr._MG1655,_complete_genome_4485000:4486000	ASM17195v1_ABHQ01000017.1	99.400	1000	6	0	1	1000	55101	56100	0.0	1814	plus
NC_000913.2_Escherichia_coli_str._K-12_substr._MG1655,_complete_genome_4485000:4486000	ASM15512v1_CM000662.1	99.400	1000	6	0	1	1000	1455923	1454924	0.0	1814	minus
NC_000913.2_Escherichia_coli_str._K-12_substr._MG1655,_complete_genome_4485000:4486000	ASM666v1_AE005174.2	99.300	1000	7	0	1	1000	5372572	5373571	0.0	1810	plus
