NC_000913.2_Escherichia_coli_str._K-12_substr._MG1655,_complete_genome_1030000:1031000	SRR10358491_NODE_1_length_316522_cov_10.067103	100.000	1000	0	0	1	1000	297269	298268	0.0	1847	plus
NC_000913.2_Escherichia_coli_str._K-12_substr._MG1655,_complete_genome_1030000:1031000	SRR10358489_NODE_2_length_361112_cov_16.843946	100.000	1000	0	0	1	1000	297519	298518	0.0	1847	plus
NC_000913.2_Escherichia_coli_str._K-12_substr._MG1655,_complete_genome_1030000:1031000	SRR10358488_NODE_11_length_142450_cov_18.046781	100.000	1000	0	0	1	1000	123197	124196	0.0	1847	plus
NC_000913.2_Escherichia_coli_str._K-12_substr._MG1655,_complete_genome_1030000:1031000	SRR10358487_NODE_22_length_76851_cov_13.190384	100.000	1000	0	0	1	1000	57598	58597	0.0	1847	plus
NC_000913.2_Escherichia_coli_str._K-12_substr._MG1655,_complete_genome_1030000:1031000	SRR10358486_NODE_2_length_316163_cov_22.172335	100.000	1000	0	0	1	1000	296987	297986	0.0	1847	plus
NC_000913.2_Escherichia_coli_str._K-12_substr._MG1655,_complete_genome_1030000:1031000	SRR10358485_NODE_1_length_316175_cov_14.047515	100.000	1000	0	0	1	1000	296999	297998	0.0	1847	plus
NC_000913.2_Escherichia_coli_str._K-12_substr._MG1655,_complete_genome_1030000:1031000	ASM2516v1_CP001846.1	98.798	998	12	0	1	998	1257256	1258253	0.0	1777	plus
NC_000913.2_Escherichia_coli_str._K-12_substr._MG1655,_complete_genome_1030000:1031000	ASM886v1_BA000007.2	98.787	907	11	0	1	907	1160249	1161155	0.0	1615	plus
NC_000913.2_Escherichia_coli_str._K-12_substr._MG1655,_complete_genome_1030000:1031000	ASM666v1_AE005174.2	98.787	907	11	0	1	907	1249472	1250378	0.0	1615	plus
NC_000913.2_Escherichia_coli_str._K-12_substr._MG1655,_complete_genome_1030000:1031000	ASM2222v1_CP001368.1	98.787	907	11	0	1	907	1165197	1166103	0.0	1615	plus
NC_000913.2_Escherichia_coli_str._K-12_substr._MG1655,_complete_genome_1030000:1031000	ASM17195v1_ABHQ01000007.1	98.787	907	11	0	1	907	13431	14337	0.0	1615	plus
NC_000913.2_Escherichia_coli_str._K-12_substr._MG1655,_complete_genome_1030000:1031000	ASM15512v1_CM000662.1	98.787	907	11	0	1	907	91292	90386	0.0	1615	minus
