NC_000913.2_Escherichia_coli_str._K-12_substr._MG1655,_complete_genome_3445000:3446000	SRR10358489_NODE_27_length_41423_cov_17.252785	100.000	1000	0	0	1	1000	18112	19111	0.0	1847	plus
NC_000913.2_Escherichia_coli_str._K-12_substr._MG1655,_complete_genome_3445000:3446000	SRR10358488_NODE_30_length_41423_cov_22.722007	100.000	1000	0	0	1	1000	18112	19111	0.0	1847	plus
NC_000913.2_Escherichia_coli_str._K-12_substr._MG1655,_complete_genome_3445000:3446000	SRR10358487_NODE_31_length_41423_cov_14.012035	100.000	1000	0	0	1	1000	23312	22313	0.0	1847	minus
NC_000913.2_Escherichia_coli_str._K-12_substr._MG1655,_complete_genome_3445000:3446000	SRR10358486_NODE_29_length_41423_cov_25.170404	100.000	1000	0	0	1	1000	23312	22313	0.0	1847	minus
NC_000913.2_Escherichia_coli_str._K-12_substr._MG1655,_complete_genome_3445000:3446000	SRR10358485_NODE_30_length_41423_cov_19.786275	100.000	1000	0	0	1	1000	18112	19111	0.0	1847	plus
NC_000913.2_Escherichia_coli_str._K-12_substr._MG1655,_complete_genome_3445000:3446000	SRR10358491_NODE_30_length_41423_cov_17.655172	99.900	1000	1	0	1	1000	18112	19111	0.0	1842	plus
NC_000913.2_Escherichia_coli_str._K-12_substr._MG1655,_complete_genome_3445000:3446000	ASM886v1_BA000007.2	99.900	1000	1	0	1	1000	4181991	4182990	0.0	1842	plus
NC_000913.2_Escherichia_coli_str._K-12_substr._MG1655,_complete_genome_3445000:3446000	ASM666v1_AE005174.2	99.900	1000	1	0	1	1000	4249213	4250212	0.0	1842	plus
NC_000913.2_Escherichia_coli_str._K-12_substr._MG1655,_complete_genome_3445000:3446000	ASM2516v1_CP001846.1	99.900	1000	1	0	1	1000	4070719	4071718	0.0	1842	plus
NC_000913.2_Escherichia_coli_str._K-12_substr._MG1655,_complete_genome_3445000:3446000	ASM2222v1_CP001368.1	99.900	1000	1	0	1	1000	4241112	4242111	0.0	1842	plus
NC_000913.2_Escherichia_coli_str._K-12_substr._MG1655,_complete_genome_3445000:3446000	ASM17195v1_ABHQ01000052.1	99.900	1000	1	0	1	1000	5895	4896	0.0	1842	minus
NC_000913.2_Escherichia_coli_str._K-12_substr._MG1655,_complete_genome_3445000:3446000	ASM15512v1_CM000662.1	99.900	1000	1	0	1	1000	2590475	2589476	0.0	1842	minus
