NC_000913.2_Escherichia_coli_str._K-12_substr._MG1655,_complete_genome_3785000:3786000	SRR10358491_NODE_10_length_176019_cov_21.745196	100.000	1000	0	0	1	1000	154742	153743	0.0	1847	minus
NC_000913.2_Escherichia_coli_str._K-12_substr._MG1655,_complete_genome_3785000:3786000	SRR10358489_NODE_9_length_176019_cov_17.200299	100.000	1000	0	0	1	1000	154742	153743	0.0	1847	minus
NC_000913.2_Escherichia_coli_str._K-12_substr._MG1655,_complete_genome_3785000:3786000	SRR10358488_NODE_7_length_178712_cov_21.132391	100.000	1000	0	0	1	1000	23970	24969	0.0	1847	plus
NC_000913.2_Escherichia_coli_str._K-12_substr._MG1655,_complete_genome_3785000:3786000	SRR10358487_NODE_8_length_175868_cov_13.003135	100.000	1000	0	0	1	1000	154591	153592	0.0	1847	minus
NC_000913.2_Escherichia_coli_str._K-12_substr._MG1655,_complete_genome_3785000:3786000	SRR10358486_NODE_8_length_178711_cov_23.726185	100.000	1000	0	0	1	1000	23970	24969	0.0	1847	plus
NC_000913.2_Escherichia_coli_str._K-12_substr._MG1655,_complete_genome_3785000:3786000	SRR10358485_NODE_9_length_178561_cov_21.674995	100.000	1000	0	0	1	1000	154592	153593	0.0	1847	minus
NC_000913.2_Escherichia_coli_str._K-12_substr._MG1655,_complete_genome_3785000:3786000	ASM2516v1_CP001846.1	98.900	1000	11	0	1	1000	4423754	4424753	0.0	1786	plus
NC_000913.2_Escherichia_coli_str._K-12_substr._MG1655,_complete_genome_3785000:3786000	ASM886v1_BA000007.2	98.800	1000	12	0	1	1000	4533810	4534809	0.0	1781	plus
NC_000913.2_Escherichia_coli_str._K-12_substr._MG1655,_complete_genome_3785000:3786000	ASM666v1_AE005174.2	98.800	1000	12	0	1	1000	4602792	4603791	0.0	1781	plus
NC_000913.2_Escherichia_coli_str._K-12_substr._MG1655,_complete_genome_3785000:3786000	ASM2222v1_CP001368.1	98.800	1000	12	0	1	1000	4592955	4593954	0.0	1781	plus
NC_000913.2_Escherichia_coli_str._K-12_substr._MG1655,_complete_genome_3785000:3786000	ASM17195v1_ABHQ01000003.1	98.800	1000	12	0	1	1000	337228	338227	0.0	1781	plus
NC_000913.2_Escherichia_coli_str._K-12_substr._MG1655,_complete_genome_3785000:3786000	ASM15512v1_CM000662.1	98.800	1000	12	0	1	1000	2238688	2237689	0.0	1781	minus
