NC_000913.2_Escherichia_coli_str._K-12_substr._MG1655,_complete_genome_2395000:2396000	SRR10358491_NODE_4_length_224192_cov_11.038949	100.000	1000	0	0	1	1000	117422	116423	0.0	1847	minus
NC_000913.2_Escherichia_coli_str._K-12_substr._MG1655,_complete_genome_2395000:2396000	SRR10358489_NODE_6_length_209744_cov_17.155574	100.000	1000	0	0	1	1000	92324	93323	0.0	1847	plus
NC_000913.2_Escherichia_coli_str._K-12_substr._MG1655,_complete_genome_2395000:2396000	SRR10358488_NODE_5_length_209744_cov_17.813722	100.000	1000	0	0	1	1000	92324	93323	0.0	1847	plus
NC_000913.2_Escherichia_coli_str._K-12_substr._MG1655,_complete_genome_2395000:2396000	SRR10358487_NODE_6_length_209744_cov_13.217979	100.000	1000	0	0	1	1000	92324	93323	0.0	1847	plus
NC_000913.2_Escherichia_coli_str._K-12_substr._MG1655,_complete_genome_2395000:2396000	SRR10358486_NODE_5_length_224417_cov_23.200682	100.000	1000	0	0	1	1000	106997	107996	0.0	1847	plus
NC_000913.2_Escherichia_coli_str._K-12_substr._MG1655,_complete_genome_2395000:2396000	SRR10358485_NODE_7_length_196189_cov_15.353786	99.900	1000	1	0	1	1000	89419	88420	0.0	1842	minus
NC_000913.2_Escherichia_coli_str._K-12_substr._MG1655,_complete_genome_2395000:2396000	ASM886v1_BA000007.2	98.600	1000	14	0	1	1000	3123149	3124148	0.0	1770	plus
NC_000913.2_Escherichia_coli_str._K-12_substr._MG1655,_complete_genome_2395000:2396000	ASM2516v1_CP001846.1	98.600	1000	14	0	1	1000	2864034	2865033	0.0	1770	plus
NC_000913.2_Escherichia_coli_str._K-12_substr._MG1655,_complete_genome_2395000:2396000	ASM2222v1_CP001368.1	98.600	1000	14	0	1	1000	3119382	3120381	0.0	1770	plus
NC_000913.2_Escherichia_coli_str._K-12_substr._MG1655,_complete_genome_2395000:2396000	ASM17195v1_ABHQ01000004.1	98.600	1000	14	0	1	1000	164885	165884	0.0	1770	plus
NC_000913.2_Escherichia_coli_str._K-12_substr._MG1655,_complete_genome_2395000:2396000	ASM15512v1_CM000662.1	98.600	1000	14	0	1	1000	3710280	3709281	0.0	1770	minus
NC_000913.2_Escherichia_coli_str._K-12_substr._MG1655,_complete_genome_2395000:2396000	ASM666v1_AE005174.2	98.500	1000	15	0	1	1000	3193105	3194104	0.0	1764	plus
