NC_000913.2_Escherichia_coli_str._K-12_substr._MG1655,_complete_genome_2425000:2426000	SRR10358491_NODE_4_length_224192_cov_11.038949	100.000	1000	0	0	1	1000	87421	86422	0.0	1847	minus
NC_000913.2_Escherichia_coli_str._K-12_substr._MG1655,_complete_genome_2425000:2426000	SRR10358489_NODE_6_length_209744_cov_17.155574	100.000	1000	0	0	1	1000	122324	123323	0.0	1847	plus
NC_000913.2_Escherichia_coli_str._K-12_substr._MG1655,_complete_genome_2425000:2426000	SRR10358488_NODE_5_length_209744_cov_17.813722	100.000	1000	0	0	1	1000	122324	123323	0.0	1847	plus
NC_000913.2_Escherichia_coli_str._K-12_substr._MG1655,_complete_genome_2425000:2426000	SRR10358487_NODE_6_length_209744_cov_13.217979	100.000	1000	0	0	1	1000	122324	123323	0.0	1847	plus
NC_000913.2_Escherichia_coli_str._K-12_substr._MG1655,_complete_genome_2425000:2426000	SRR10358486_NODE_5_length_224417_cov_23.200682	100.000	1000	0	0	1	1000	136997	137996	0.0	1847	plus
NC_000913.2_Escherichia_coli_str._K-12_substr._MG1655,_complete_genome_2425000:2426000	SRR10358485_NODE_7_length_196189_cov_15.353786	100.000	1000	0	0	1	1000	59419	58420	0.0	1847	minus
NC_000913.2_Escherichia_coli_str._K-12_substr._MG1655,_complete_genome_2425000:2426000	ASM886v1_BA000007.2	97.200	1000	28	0	1	1000	3153150	3154149	0.0	1692	plus
NC_000913.2_Escherichia_coli_str._K-12_substr._MG1655,_complete_genome_2425000:2426000	ASM666v1_AE005174.2	97.200	1000	28	0	1	1000	3223105	3224104	0.0	1692	plus
NC_000913.2_Escherichia_coli_str._K-12_substr._MG1655,_complete_genome_2425000:2426000	ASM2516v1_CP001846.1	97.200	1000	28	0	1	1000	2894034	2895033	0.0	1692	plus
NC_000913.2_Escherichia_coli_str._K-12_substr._MG1655,_complete_genome_2425000:2426000	ASM2222v1_CP001368.1	97.200	1000	28	0	1	1000	3149382	3150381	0.0	1692	plus
NC_000913.2_Escherichia_coli_str._K-12_substr._MG1655,_complete_genome_2425000:2426000	ASM17195v1_ABHQ01000004.1	97.200	1000	28	0	1	1000	194885	195884	0.0	1692	plus
NC_000913.2_Escherichia_coli_str._K-12_substr._MG1655,_complete_genome_2425000:2426000	ASM15512v1_CM000662.1	97.200	1000	28	0	1	1000	3680280	3679281	0.0	1692	minus
