NC_000913.2_Escherichia_coli_str._K-12_substr._MG1655,_complete_genome_4185000:4186000	SRR10358491_NODE_38_length_30987_cov_17.208717	100.000	1000	0	0	1	1000	9996	10995	0.0	1847	plus
NC_000913.2_Escherichia_coli_str._K-12_substr._MG1655,_complete_genome_4185000:4186000	SRR10358489_NODE_36_length_30987_cov_18.156870	100.000	1000	0	0	1	1000	20992	19993	0.0	1847	minus
NC_000913.2_Escherichia_coli_str._K-12_substr._MG1655,_complete_genome_4185000:4186000	SRR10358488_NODE_37_length_30987_cov_21.241154	100.000	1000	0	0	1	1000	9996	10995	0.0	1847	plus
NC_000913.2_Escherichia_coli_str._K-12_substr._MG1655,_complete_genome_4185000:4186000	SRR10358487_NODE_39_length_30987_cov_13.468146	100.000	1000	0	0	1	1000	20992	19993	0.0	1847	minus
NC_000913.2_Escherichia_coli_str._K-12_substr._MG1655,_complete_genome_4185000:4186000	SRR10358486_NODE_38_length_30987_cov_20.985677	100.000	1000	0	0	1	1000	9996	10995	0.0	1847	plus
NC_000913.2_Escherichia_coli_str._K-12_substr._MG1655,_complete_genome_4185000:4186000	SRR10358485_NODE_37_length_30987_cov_16.284057	100.000	1000	0	0	1	1000	20992	19993	0.0	1847	minus
NC_000913.2_Escherichia_coli_str._K-12_substr._MG1655,_complete_genome_4185000:4186000	ASM886v1_BA000007.2	99.600	1000	4	0	1	1000	4995874	4996873	0.0	1825	plus
NC_000913.2_Escherichia_coli_str._K-12_substr._MG1655,_complete_genome_4185000:4186000	ASM2516v1_CP001846.1	99.600	1000	4	0	1	1000	4883514	4884513	0.0	1825	plus
NC_000913.2_Escherichia_coli_str._K-12_substr._MG1655,_complete_genome_4185000:4186000	ASM2222v1_CP001368.1	99.600	1000	4	0	1	1000	5055047	5056046	0.0	1825	plus
NC_000913.2_Escherichia_coli_str._K-12_substr._MG1655,_complete_genome_4185000:4186000	ASM17195v1_ABHQ01000005.1	99.600	1000	4	0	1	1000	10548	11547	0.0	1825	plus
NC_000913.2_Escherichia_coli_str._K-12_substr._MG1655,_complete_genome_4185000:4186000	ASM15512v1_CM000662.1	99.600	1000	4	0	1	1000	1763769	1762770	0.0	1825	minus
NC_000913.2_Escherichia_coli_str._K-12_substr._MG1655,_complete_genome_4185000:4186000	ASM666v1_AE005174.2	99.500	1000	5	0	1	1000	5064620	5065619	0.0	1821	plus
