NC_000913.2_Escherichia_coli_str._K-12_substr._MG1655,_complete_genome_805000:806000	SRR10358491_NODE_1_length_316522_cov_10.067103	100.000	1000	0	0	1	1000	72269	73268	0.0	1847	plus
NC_000913.2_Escherichia_coli_str._K-12_substr._MG1655,_complete_genome_805000:806000	SRR10358489_NODE_2_length_361112_cov_16.843946	100.000	1000	0	0	1	1000	72519	73518	0.0	1847	plus
NC_000913.2_Escherichia_coli_str._K-12_substr._MG1655,_complete_genome_805000:806000	SRR10358488_NODE_9_length_175923_cov_18.772873	100.000	1000	0	0	1	1000	74140	75139	0.0	1847	plus
NC_000913.2_Escherichia_coli_str._K-12_substr._MG1655,_complete_genome_805000:806000	SRR10358487_NODE_4_length_239915_cov_13.054765	100.000	1000	0	0	1	1000	167652	166653	0.0	1847	minus
NC_000913.2_Escherichia_coli_str._K-12_substr._MG1655,_complete_genome_805000:806000	SRR10358486_NODE_2_length_316163_cov_22.172335	100.000	1000	0	0	1	1000	71998	72997	0.0	1847	plus
NC_000913.2_Escherichia_coli_str._K-12_substr._MG1655,_complete_genome_805000:806000	SRR10358485_NODE_1_length_316175_cov_14.047515	100.000	1000	0	0	1	1000	71998	72997	0.0	1847	plus
NC_000913.2_Escherichia_coli_str._K-12_substr._MG1655,_complete_genome_805000:806000	ASM886v1_BA000007.2	97.993	897	18	0	104	1000	889661	890557	0.0	1557	plus
NC_000913.2_Escherichia_coli_str._K-12_substr._MG1655,_complete_genome_805000:806000	ASM2516v1_CP001846.1	97.993	897	18	0	104	1000	979254	980150	0.0	1557	plus
NC_000913.2_Escherichia_coli_str._K-12_substr._MG1655,_complete_genome_805000:806000	ASM2222v1_CP001368.1	97.993	897	18	0	104	1000	894615	895511	0.0	1557	plus
NC_000913.2_Escherichia_coli_str._K-12_substr._MG1655,_complete_genome_805000:806000	ASM17195v1_ABHQ01000002.1	97.993	897	18	0	104	1000	367614	368510	0.0	1557	plus
NC_000913.2_Escherichia_coli_str._K-12_substr._MG1655,_complete_genome_805000:806000	ASM15512v1_CM000662.1	97.993	897	18	0	104	1000	371066	370170	0.0	1557	minus
NC_000913.2_Escherichia_coli_str._K-12_substr._MG1655,_complete_genome_805000:806000	ASM666v1_AE005174.2	97.882	897	19	0	104	1000	891310	892206	0.0	1554	plus
