NC_000913.2_Escherichia_coli_str._K-12_substr._MG1655,_complete_genome_1055000:1056000	SRR10358491_NODE_29_length_44018_cov_9.874576	100.000	1000	0	0	1	1000	38594	37595	0.0	1847	minus
NC_000913.2_Escherichia_coli_str._K-12_substr._MG1655,_complete_genome_1055000:1056000	SRR10358489_NODE_2_length_361112_cov_16.843946	100.000	1000	0	0	1	1000	322519	323518	0.0	1847	plus
NC_000913.2_Escherichia_coli_str._K-12_substr._MG1655,_complete_genome_1055000:1056000	SRR10358488_NODE_29_length_43953_cov_17.768471	100.000	1000	0	0	1	1000	38594	37595	0.0	1847	minus
NC_000913.2_Escherichia_coli_str._K-12_substr._MG1655,_complete_genome_1055000:1056000	SRR10358487_NODE_30_length_43953_cov_12.790992	100.000	1000	0	0	1	1000	38594	37595	0.0	1847	minus
NC_000913.2_Escherichia_coli_str._K-12_substr._MG1655,_complete_genome_1055000:1056000	SRR10358486_NODE_28_length_43953_cov_24.258614	100.000	1000	0	0	1	1000	38594	37595	0.0	1847	minus
NC_000913.2_Escherichia_coli_str._K-12_substr._MG1655,_complete_genome_1055000:1056000	SRR10358485_NODE_29_length_43949_cov_14.750240	100.000	1000	0	0	1	1000	5356	6355	0.0	1847	plus
NC_000913.2_Escherichia_coli_str._K-12_substr._MG1655,_complete_genome_1055000:1056000	ASM886v1_BA000007.2	98.500	1000	15	0	1	1000	1234131	1235130	0.0	1764	plus
NC_000913.2_Escherichia_coli_str._K-12_substr._MG1655,_complete_genome_1055000:1056000	ASM666v1_AE005174.2	98.500	1000	15	0	1	1000	1318948	1319947	0.0	1764	plus
NC_000913.2_Escherichia_coli_str._K-12_substr._MG1655,_complete_genome_1055000:1056000	ASM2516v1_CP001846.1	98.500	1000	15	0	1	1000	1281489	1282488	0.0	1764	plus
NC_000913.2_Escherichia_coli_str._K-12_substr._MG1655,_complete_genome_1055000:1056000	ASM2222v1_CP001368.1	98.500	1000	15	0	1	1000	1239450	1240449	0.0	1764	plus
NC_000913.2_Escherichia_coli_str._K-12_substr._MG1655,_complete_genome_1055000:1056000	ASM17195v1_ABHQ01000007.1	98.500	1000	15	0	1	1000	87686	88685	0.0	1764	plus
NC_000913.2_Escherichia_coli_str._K-12_substr._MG1655,_complete_genome_1055000:1056000	ASM15512v1_CM000662.1	98.500	1000	15	0	1	1000	17268	16269	0.0	1764	minus
