NC_000913.2_Escherichia_coli_str._K-12_substr._MG1655,_complete_genome_3085000:3086000	SRR10358491_NODE_13_length_132705_cov_14.750735	100.000	1000	0	0	1	1000	89415	90414	0.0	1847	plus
NC_000913.2_Escherichia_coli_str._K-12_substr._MG1655,_complete_genome_3085000:3086000	SRR10358489_NODE_13_length_132705_cov_17.822784	100.000	1000	0	0	1	1000	43291	42292	0.0	1847	minus
NC_000913.2_Escherichia_coli_str._K-12_substr._MG1655,_complete_genome_3085000:3086000	SRR10358488_NODE_13_length_132705_cov_20.492306	100.000	1000	0	0	1	1000	43291	42292	0.0	1847	minus
NC_000913.2_Escherichia_coli_str._K-12_substr._MG1655,_complete_genome_3085000:3086000	SRR10358487_NODE_11_length_132705_cov_13.267216	100.000	1000	0	0	1	1000	43291	42292	0.0	1847	minus
NC_000913.2_Escherichia_coli_str._K-12_substr._MG1655,_complete_genome_3085000:3086000	SRR10358486_NODE_14_length_116578_cov_22.471271	100.000	1000	0	0	1	1000	73288	74287	0.0	1847	plus
NC_000913.2_Escherichia_coli_str._K-12_substr._MG1655,_complete_genome_3085000:3086000	SRR10358485_NODE_13_length_132704_cov_17.210240	100.000	1000	0	0	1	1000	43291	42292	0.0	1847	minus
NC_000913.2_Escherichia_coli_str._K-12_substr._MG1655,_complete_genome_3085000:3086000	ASM886v1_BA000007.2	97.927	1013	8	1	1	1000	3828465	3829477	0.0	1742	plus
NC_000913.2_Escherichia_coli_str._K-12_substr._MG1655,_complete_genome_3085000:3086000	ASM666v1_AE005174.2	97.927	1013	8	1	1	1000	3895773	3896785	0.0	1742	plus
NC_000913.2_Escherichia_coli_str._K-12_substr._MG1655,_complete_genome_3085000:3086000	ASM2516v1_CP001846.1	97.927	1013	8	1	1	1000	3652469	3653481	0.0	1742	plus
NC_000913.2_Escherichia_coli_str._K-12_substr._MG1655,_complete_genome_3085000:3086000	ASM2222v1_CP001368.1	97.927	1013	8	1	1	1000	3887588	3888600	0.0	1742	plus
NC_000913.2_Escherichia_coli_str._K-12_substr._MG1655,_complete_genome_3085000:3086000	ASM17195v1_ABHQ01000011.1	97.927	1013	8	1	1	1000	35435	36447	0.0	1742	plus
NC_000913.2_Escherichia_coli_str._K-12_substr._MG1655,_complete_genome_3085000:3086000	ASM15512v1_CM000662.1	97.830	1014	8	2	1	1000	2944025	2943012	0.0	1738	minus
