NC_000913.2_Escherichia_coli_str._K-12_substr._MG1655,_complete_genome_3500000:3501000	SRR10358491_NODE_16_length_112487_cov_17.130509	100.000	1000	0	0	1	1000	81576	80577	0.0	1847	minus
NC_000913.2_Escherichia_coli_str._K-12_substr._MG1655,_complete_genome_3500000:3501000	SRR10358489_NODE_16_length_112487_cov_17.533019	100.000	1000	0	0	1	1000	81576	80577	0.0	1847	minus
NC_000913.2_Escherichia_coli_str._K-12_substr._MG1655,_complete_genome_3500000:3501000	SRR10358488_NODE_16_length_112487_cov_19.848362	100.000	1000	0	0	1	1000	30912	31911	0.0	1847	plus
NC_000913.2_Escherichia_coli_str._K-12_substr._MG1655,_complete_genome_3500000:3501000	SRR10358487_NODE_15_length_112487_cov_13.092275	100.000	1000	0	0	1	1000	81576	80577	0.0	1847	minus
NC_000913.2_Escherichia_coli_str._K-12_substr._MG1655,_complete_genome_3500000:3501000	SRR10358486_NODE_15_length_112487_cov_21.745461	100.000	1000	0	0	1	1000	81576	80577	0.0	1847	minus
NC_000913.2_Escherichia_coli_str._K-12_substr._MG1655,_complete_genome_3500000:3501000	SRR10358485_NODE_16_length_112486_cov_17.007610	100.000	1000	0	0	1	1000	30912	31911	0.0	1847	plus
NC_000913.2_Escherichia_coli_str._K-12_substr._MG1655,_complete_genome_3500000:3501000	ASM886v1_BA000007.2	97.902	1001	20	1	1	1000	4221894	4222894	0.0	1731	plus
NC_000913.2_Escherichia_coli_str._K-12_substr._MG1655,_complete_genome_3500000:3501000	ASM666v1_AE005174.2	97.902	1001	20	1	1	1000	4289116	4290116	0.0	1731	plus
NC_000913.2_Escherichia_coli_str._K-12_substr._MG1655,_complete_genome_3500000:3501000	ASM2516v1_CP001846.1	97.902	1001	20	1	1	1000	4110622	4111622	0.0	1731	plus
NC_000913.2_Escherichia_coli_str._K-12_substr._MG1655,_complete_genome_3500000:3501000	ASM2222v1_CP001368.1	97.902	1001	20	1	1	1000	4281015	4282015	0.0	1731	plus
NC_000913.2_Escherichia_coli_str._K-12_substr._MG1655,_complete_genome_3500000:3501000	ASM17195v1_ABHQ01000003.1	97.902	1001	20	1	1	1000	25288	26288	0.0	1731	plus
NC_000913.2_Escherichia_coli_str._K-12_substr._MG1655,_complete_genome_3500000:3501000	ASM15512v1_CM000662.1	97.902	1001	20	1	1	1000	2550572	2549572	0.0	1731	minus
