NC_000913.2_Escherichia_coli_str._K-12_substr._MG1655,_complete_genome_2380000:2381000	SRR10358491_NODE_4_length_224192_cov_11.038949	100.000	1000	0	0	1	1000	132423	131424	0.0	1847	minus
NC_000913.2_Escherichia_coli_str._K-12_substr._MG1655,_complete_genome_2380000:2381000	SRR10358489_NODE_6_length_209744_cov_17.155574	100.000	1000	0	0	1	1000	77324	78323	0.0	1847	plus
NC_000913.2_Escherichia_coli_str._K-12_substr._MG1655,_complete_genome_2380000:2381000	SRR10358488_NODE_5_length_209744_cov_17.813722	100.000	1000	0	0	1	1000	77324	78323	0.0	1847	plus
NC_000913.2_Escherichia_coli_str._K-12_substr._MG1655,_complete_genome_2380000:2381000	SRR10358487_NODE_6_length_209744_cov_13.217979	100.000	1000	0	0	1	1000	77324	78323	0.0	1847	plus
NC_000913.2_Escherichia_coli_str._K-12_substr._MG1655,_complete_genome_2380000:2381000	SRR10358486_NODE_5_length_224417_cov_23.200682	100.000	1000	0	0	1	1000	91997	92996	0.0	1847	plus
NC_000913.2_Escherichia_coli_str._K-12_substr._MG1655,_complete_genome_2380000:2381000	SRR10358485_NODE_7_length_196189_cov_15.353786	100.000	1000	0	0	1	1000	104419	103420	0.0	1847	minus
NC_000913.2_Escherichia_coli_str._K-12_substr._MG1655,_complete_genome_2380000:2381000	ASM886v1_BA000007.2	97.400	1000	26	0	1	1000	3112492	3113491	0.0	1703	plus
NC_000913.2_Escherichia_coli_str._K-12_substr._MG1655,_complete_genome_2380000:2381000	ASM2516v1_CP001846.1	97.400	1000	26	0	1	1000	2853386	2854385	0.0	1703	plus
NC_000913.2_Escherichia_coli_str._K-12_substr._MG1655,_complete_genome_2380000:2381000	ASM2222v1_CP001368.1	97.400	1000	26	0	1	1000	3108725	3109724	0.0	1703	plus
NC_000913.2_Escherichia_coli_str._K-12_substr._MG1655,_complete_genome_2380000:2381000	ASM17195v1_ABHQ01000004.1	97.400	1000	26	0	1	1000	154228	155227	0.0	1703	plus
NC_000913.2_Escherichia_coli_str._K-12_substr._MG1655,_complete_genome_2380000:2381000	ASM15512v1_CM000662.1	97.400	1000	26	0	1	1000	3720937	3719938	0.0	1703	minus
NC_000913.2_Escherichia_coli_str._K-12_substr._MG1655,_complete_genome_2380000:2381000	ASM666v1_AE005174.2	97.300	1000	27	0	1	1000	3182448	3183447	0.0	1700	plus
