NC_000913.2_Escherichia_coli_str._K-12_substr._MG1655,_complete_genome_3375000:3376000	SRR10358491_NODE_26_length_57161_cov_16.956254	100.000	1000	0	0	1	1000	10352	11351	0.0	1847	plus
NC_000913.2_Escherichia_coli_str._K-12_substr._MG1655,_complete_genome_3375000:3376000	SRR10358489_NODE_25_length_57161_cov_17.423239	100.000	1000	0	0	1	1000	10352	11351	0.0	1847	plus
NC_000913.2_Escherichia_coli_str._K-12_substr._MG1655,_complete_genome_3375000:3376000	SRR10358488_NODE_26_length_57161_cov_21.299383	100.000	1000	0	0	1	1000	10352	11351	0.0	1847	plus
NC_000913.2_Escherichia_coli_str._K-12_substr._MG1655,_complete_genome_3375000:3376000	SRR10358487_NODE_27_length_57161_cov_13.392099	100.000	1000	0	0	1	1000	46810	45811	0.0	1847	minus
NC_000913.2_Escherichia_coli_str._K-12_substr._MG1655,_complete_genome_3375000:3376000	SRR10358486_NODE_24_length_57161_cov_23.028790	100.000	1000	0	0	1	1000	10352	11351	0.0	1847	plus
NC_000913.2_Escherichia_coli_str._K-12_substr._MG1655,_complete_genome_3375000:3376000	SRR10358485_NODE_26_length_57162_cov_18.253984	100.000	1000	0	0	1	1000	46811	45812	0.0	1847	minus
NC_000913.2_Escherichia_coli_str._K-12_substr._MG1655,_complete_genome_3375000:3376000	ASM886v1_BA000007.2	98.900	1000	11	0	1	1000	4112215	4113214	0.0	1786	plus
NC_000913.2_Escherichia_coli_str._K-12_substr._MG1655,_complete_genome_3375000:3376000	ASM666v1_AE005174.2	98.900	1000	11	0	1	1000	4179432	4180431	0.0	1786	plus
NC_000913.2_Escherichia_coli_str._K-12_substr._MG1655,_complete_genome_3375000:3376000	ASM2516v1_CP001846.1	98.900	1000	11	0	1	1000	4000989	4001988	0.0	1786	plus
NC_000913.2_Escherichia_coli_str._K-12_substr._MG1655,_complete_genome_3375000:3376000	ASM2222v1_CP001368.1	98.900	1000	11	0	1	1000	4170023	4171022	0.0	1786	plus
NC_000913.2_Escherichia_coli_str._K-12_substr._MG1655,_complete_genome_3375000:3376000	ASM17195v1_ABHQ01000008.1	98.900	1000	11	0	1	1000	160588	161587	0.0	1786	plus
NC_000913.2_Escherichia_coli_str._K-12_substr._MG1655,_complete_genome_3375000:3376000	ASM15512v1_CM000662.1	98.900	1000	11	0	1	1000	2660273	2659274	0.0	1786	minus
