NC_000913.2_Escherichia_coli_str._K-12_substr._MG1655,_complete_genome_3735000:3736000	SRR10358491_NODE_17_length_95317_cov_19.885124	100.000	1000	0	0	1	1000	69768	70767	0.0	1847	plus
NC_000913.2_Escherichia_coli_str._K-12_substr._MG1655,_complete_genome_3735000:3736000	SRR10358489_NODE_17_length_95180_cov_16.964872	100.000	1000	0	0	1	1000	25413	24414	0.0	1847	minus
NC_000913.2_Escherichia_coli_str._K-12_substr._MG1655,_complete_genome_3735000:3736000	SRR10358488_NODE_17_length_95318_cov_20.159626	100.000	1000	0	0	1	1000	69768	70767	0.0	1847	plus
NC_000913.2_Escherichia_coli_str._K-12_substr._MG1655,_complete_genome_3735000:3736000	SRR10358487_NODE_17_length_95318_cov_12.563919	100.000	1000	0	0	1	1000	25551	24552	0.0	1847	minus
NC_000913.2_Escherichia_coli_str._K-12_substr._MG1655,_complete_genome_3735000:3736000	SRR10358486_NODE_32_length_40580_cov_22.249475	100.000	1000	0	0	1	1000	25551	24552	0.0	1847	minus
NC_000913.2_Escherichia_coli_str._K-12_substr._MG1655,_complete_genome_3735000:3736000	SRR10358485_NODE_17_length_95180_cov_20.049541	100.000	1000	0	0	1	1000	69768	70767	0.0	1847	plus
NC_000913.2_Escherichia_coli_str._K-12_substr._MG1655,_complete_genome_3735000:3736000	ASM2516v1_CP001846.1	98.495	997	15	0	1	997	4371644	4372640	0.0	1759	plus
NC_000913.2_Escherichia_coli_str._K-12_substr._MG1655,_complete_genome_3735000:3736000	ASM886v1_BA000007.2	98.395	997	16	0	1	997	4483060	4484056	0.0	1753	plus
NC_000913.2_Escherichia_coli_str._K-12_substr._MG1655,_complete_genome_3735000:3736000	ASM2222v1_CP001368.1	98.395	997	16	0	1	997	4542206	4543202	0.0	1753	plus
NC_000913.2_Escherichia_coli_str._K-12_substr._MG1655,_complete_genome_3735000:3736000	ASM17195v1_ABHQ01000003.1	98.395	997	16	0	1	997	286479	287475	0.0	1753	plus
NC_000913.2_Escherichia_coli_str._K-12_substr._MG1655,_complete_genome_3735000:3736000	ASM15512v1_CM000662.1	98.300	1000	17	0	1	1000	2289438	2288439	0.0	1753	minus
NC_000913.2_Escherichia_coli_str._K-12_substr._MG1655,_complete_genome_3735000:3736000	ASM666v1_AE005174.2	98.295	997	17	0	1	997	4550289	4551285	0.0	1749	plus
