NC_000913.2_Escherichia_coli_str._K-12_substr._MG1655,_complete_genome_3395000:3396000	SRR10358491_NODE_26_length_57161_cov_16.956254	100.000	1000	0	0	1	1000	30352	31351	0.0	1847	plus
NC_000913.2_Escherichia_coli_str._K-12_substr._MG1655,_complete_genome_3395000:3396000	SRR10358489_NODE_25_length_57161_cov_17.423239	100.000	1000	0	0	1	1000	30352	31351	0.0	1847	plus
NC_000913.2_Escherichia_coli_str._K-12_substr._MG1655,_complete_genome_3395000:3396000	SRR10358488_NODE_26_length_57161_cov_21.299383	100.000	1000	0	0	1	1000	30352	31351	0.0	1847	plus
NC_000913.2_Escherichia_coli_str._K-12_substr._MG1655,_complete_genome_3395000:3396000	SRR10358487_NODE_27_length_57161_cov_13.392099	100.000	1000	0	0	1	1000	26810	25811	0.0	1847	minus
NC_000913.2_Escherichia_coli_str._K-12_substr._MG1655,_complete_genome_3395000:3396000	SRR10358486_NODE_24_length_57161_cov_23.028790	100.000	1000	0	0	1	1000	30352	31351	0.0	1847	plus
NC_000913.2_Escherichia_coli_str._K-12_substr._MG1655,_complete_genome_3395000:3396000	SRR10358485_NODE_26_length_57162_cov_18.253984	99.900	1000	1	0	1	1000	26811	25812	0.0	1842	minus
NC_000913.2_Escherichia_coli_str._K-12_substr._MG1655,_complete_genome_3395000:3396000	ASM886v1_BA000007.2	98.800	1000	12	0	1	1000	4131939	4132938	0.0	1781	plus
NC_000913.2_Escherichia_coli_str._K-12_substr._MG1655,_complete_genome_3395000:3396000	ASM666v1_AE005174.2	98.800	1000	12	0	1	1000	4199157	4200156	0.0	1781	plus
NC_000913.2_Escherichia_coli_str._K-12_substr._MG1655,_complete_genome_3395000:3396000	ASM2516v1_CP001846.1	98.800	1000	12	0	1	1000	4020712	4021711	0.0	1781	plus
NC_000913.2_Escherichia_coli_str._K-12_substr._MG1655,_complete_genome_3395000:3396000	ASM2222v1_CP001368.1	98.800	1000	12	0	1	1000	4189747	4190746	0.0	1781	plus
NC_000913.2_Escherichia_coli_str._K-12_substr._MG1655,_complete_genome_3395000:3396000	ASM17195v1_ABHQ01000008.1	98.800	1000	12	0	1	1000	180312	181311	0.0	1781	plus
NC_000913.2_Escherichia_coli_str._K-12_substr._MG1655,_complete_genome_3395000:3396000	ASM15512v1_CM000662.1	98.800	1000	12	0	1	1000	2640549	2639550	0.0	1781	minus
