NC_000913.2_Escherichia_coli_str._K-12_substr._MG1655,_complete_genome_1885000:1886000	SRR10358491_NODE_7_length_205567_cov_8.951061	100.000	1000	0	0	1	1000	178549	177550	0.0	1847	minus
NC_000913.2_Escherichia_coli_str._K-12_substr._MG1655,_complete_genome_1885000:1886000	SRR10358489_NODE_1_length_414105_cov_16.439444	100.000	1000	0	0	1	1000	178550	177551	0.0	1847	minus
NC_000913.2_Escherichia_coli_str._K-12_substr._MG1655,_complete_genome_1885000:1886000	SRR10358488_NODE_1_length_414105_cov_16.407519	100.000	1000	0	0	1	1000	178550	177551	0.0	1847	minus
NC_000913.2_Escherichia_coli_str._K-12_substr._MG1655,_complete_genome_1885000:1886000	SRR10358487_NODE_1_length_414105_cov_12.682679	100.000	1000	0	0	1	1000	235556	236555	0.0	1847	plus
NC_000913.2_Escherichia_coli_str._K-12_substr._MG1655,_complete_genome_1885000:1886000	SRR10358486_NODE_1_length_414105_cov_23.445681	100.000	1000	0	0	1	1000	235556	236555	0.0	1847	plus
NC_000913.2_Escherichia_coli_str._K-12_substr._MG1655,_complete_genome_1885000:1886000	SRR10358485_NODE_8_length_185826_cov_15.041890	100.000	1000	0	0	1	1000	178551	177552	0.0	1847	minus
NC_000913.2_Escherichia_coli_str._K-12_substr._MG1655,_complete_genome_1885000:1886000	ASM886v1_BA000007.2	99.100	1000	9	0	1	1000	2488806	2489805	0.0	1797	plus
NC_000913.2_Escherichia_coli_str._K-12_substr._MG1655,_complete_genome_1885000:1886000	ASM2516v1_CP001846.1	99.100	1000	9	0	1	1000	2279764	2280763	0.0	1797	plus
NC_000913.2_Escherichia_coli_str._K-12_substr._MG1655,_complete_genome_1885000:1886000	ASM2222v1_CP001368.1	99.100	1000	9	0	1	1000	2394081	2395080	0.0	1797	plus
NC_000913.2_Escherichia_coli_str._K-12_substr._MG1655,_complete_genome_1885000:1886000	ASM17195v1_ABHQ01000013.1	99.100	1000	9	0	1	1000	131602	132601	0.0	1797	plus
NC_000913.2_Escherichia_coli_str._K-12_substr._MG1655,_complete_genome_1885000:1886000	ASM15512v1_CM000662.1	99.100	1000	9	0	1	1000	4344550	4343551	0.0	1797	minus
NC_000913.2_Escherichia_coli_str._K-12_substr._MG1655,_complete_genome_1885000:1886000	ASM666v1_AE005174.2	99.000	1000	10	0	1	1000	2564010	2565009	0.0	1794	plus
