NC_000913.2_Escherichia_coli_str._K-12_substr._MG1655,_complete_genome_1315000:1316000	SRR10358491_NODE_2_length_297749_cov_9.123549	100.000	1000	0	0	1	1000	218502	219501	0.0	1847	plus
NC_000913.2_Escherichia_coli_str._K-12_substr._MG1655,_complete_genome_1315000:1316000	SRR10358489_NODE_3_length_282492_cov_16.393724	100.000	1000	0	0	1	1000	203299	204298	0.0	1847	plus
NC_000913.2_Escherichia_coli_str._K-12_substr._MG1655,_complete_genome_1315000:1316000	SRR10358488_NODE_2_length_297749_cov_17.298217	100.000	1000	0	0	1	1000	79247	78248	0.0	1847	minus
NC_000913.2_Escherichia_coli_str._K-12_substr._MG1655,_complete_genome_1315000:1316000	SRR10358487_NODE_13_length_124762_cov_12.884864	100.000	1000	0	0	1	1000	79248	78249	0.0	1847	minus
NC_000913.2_Escherichia_coli_str._K-12_substr._MG1655,_complete_genome_1315000:1316000	SRR10358486_NODE_3_length_282546_cov_23.823528	100.000	1000	0	0	1	1000	79248	78249	0.0	1847	minus
NC_000913.2_Escherichia_coli_str._K-12_substr._MG1655,_complete_genome_1315000:1316000	SRR10358485_NODE_2_length_297748_cov_15.299391	100.000	1000	0	0	1	1000	79246	78247	0.0	1847	minus
NC_000913.2_Escherichia_coli_str._K-12_substr._MG1655,_complete_genome_1315000:1316000	ASM886v1_BA000007.2	97.000	1000	30	0	1	1000	1817997	1818996	0.0	1681	plus
NC_000913.2_Escherichia_coli_str._K-12_substr._MG1655,_complete_genome_1315000:1316000	ASM666v1_AE005174.2	97.000	1000	30	0	1	1000	2269180	2268181	0.0	1681	minus
NC_000913.2_Escherichia_coli_str._K-12_substr._MG1655,_complete_genome_1315000:1316000	ASM2516v1_CP001846.1	97.000	1000	30	0	1	1000	1630078	1631077	0.0	1681	plus
NC_000913.2_Escherichia_coli_str._K-12_substr._MG1655,_complete_genome_1315000:1316000	ASM2222v1_CP001368.1	97.000	1000	30	0	1	1000	1783987	1784986	0.0	1681	plus
NC_000913.2_Escherichia_coli_str._K-12_substr._MG1655,_complete_genome_1315000:1316000	ASM17195v1_ABHQ01000028.1	97.000	1000	30	0	1	1000	36331	37330	0.0	1681	plus
NC_000913.2_Escherichia_coli_str._K-12_substr._MG1655,_complete_genome_1315000:1316000	ASM15512v1_CM000662.1	97.000	1000	30	0	1	1000	4984174	4983175	0.0	1681	minus
