NC_000913.2_Escherichia_coli_str._K-12_substr._MG1655,_complete_genome_4615000:4616000	SRR10358491_NODE_28_length_54252_cov_14.817201	100.000	1000	0	0	1	1000	14061	15060	0.0	1847	plus
NC_000913.2_Escherichia_coli_str._K-12_substr._MG1655,_complete_genome_4615000:4616000	SRR10358489_NODE_11_length_148613_cov_17.336321	100.000	1000	0	0	1	1000	108426	109425	0.0	1847	plus
NC_000913.2_Escherichia_coli_str._K-12_substr._MG1655,_complete_genome_4615000:4616000	SRR10358488_NODE_28_length_54252_cov_20.249312	100.000	1000	0	0	1	1000	14061	15060	0.0	1847	plus
NC_000913.2_Escherichia_coli_str._K-12_substr._MG1655,_complete_genome_4615000:4616000	SRR10358487_NODE_29_length_54252_cov_12.773912	100.000	1000	0	0	1	1000	40192	39193	0.0	1847	minus
NC_000913.2_Escherichia_coli_str._K-12_substr._MG1655,_complete_genome_4615000:4616000	SRR10358486_NODE_26_length_54252_cov_21.175224	100.000	1000	0	0	1	1000	14061	15060	0.0	1847	plus
NC_000913.2_Escherichia_coli_str._K-12_substr._MG1655,_complete_genome_4615000:4616000	SRR10358485_NODE_28_length_54253_cov_15.765399	100.000	1000	0	0	1	1000	40193	39194	0.0	1847	minus
NC_000913.2_Escherichia_coli_str._K-12_substr._MG1655,_complete_genome_4615000:4616000	ASM886v1_BA000007.2	99.198	998	8	0	1	998	5474820	5475817	0.0	1799	plus
NC_000913.2_Escherichia_coli_str._K-12_substr._MG1655,_complete_genome_4615000:4616000	ASM666v1_AE005174.2	99.198	998	8	0	1	998	5504814	5505811	0.0	1799	plus
NC_000913.2_Escherichia_coli_str._K-12_substr._MG1655,_complete_genome_4615000:4616000	ASM2516v1_CP001846.1	99.198	998	8	0	1	998	5362721	5363718	0.0	1799	plus
NC_000913.2_Escherichia_coli_str._K-12_substr._MG1655,_complete_genome_4615000:4616000	ASM2222v1_CP001368.1	99.198	998	8	0	1	998	5504505	5505502	0.0	1799	plus
NC_000913.2_Escherichia_coli_str._K-12_substr._MG1655,_complete_genome_4615000:4616000	ASM17195v1_ABHQ01000010.1	99.198	998	8	0	1	998	72324	73321	0.0	1799	plus
NC_000913.2_Escherichia_coli_str._K-12_substr._MG1655,_complete_genome_4615000:4616000	ASM15512v1_CM000662.1	99.198	998	8	0	1	998	1323684	1322687	0.0	1799	minus
