NC_000913.2_Escherichia_coli_str._K-12_substr._MG1655,_complete_genome_985000:986000	SRR10358491_NODE_1_length_316522_cov_10.067103	100.000	1000	0	0	1	1000	252269	253268	0.0	1847	plus
NC_000913.2_Escherichia_coli_str._K-12_substr._MG1655,_complete_genome_985000:986000	SRR10358489_NODE_2_length_361112_cov_16.843946	100.000	1000	0	0	1	1000	252519	253518	0.0	1847	plus
NC_000913.2_Escherichia_coli_str._K-12_substr._MG1655,_complete_genome_985000:986000	SRR10358488_NODE_11_length_142450_cov_18.046781	100.000	1000	0	0	1	1000	78197	79196	0.0	1847	plus
NC_000913.2_Escherichia_coli_str._K-12_substr._MG1655,_complete_genome_985000:986000	SRR10358487_NODE_22_length_76851_cov_13.190384	100.000	1000	0	0	1	1000	12598	13597	0.0	1847	plus
NC_000913.2_Escherichia_coli_str._K-12_substr._MG1655,_complete_genome_985000:986000	SRR10358486_NODE_2_length_316163_cov_22.172335	100.000	1000	0	0	1	1000	251987	252986	0.0	1847	plus
NC_000913.2_Escherichia_coli_str._K-12_substr._MG1655,_complete_genome_985000:986000	SRR10358485_NODE_1_length_316175_cov_14.047515	100.000	1000	0	0	1	1000	251998	252997	0.0	1847	plus
NC_000913.2_Escherichia_coli_str._K-12_substr._MG1655,_complete_genome_985000:986000	ASM886v1_BA000007.2	99.300	1000	7	0	1	1000	1115249	1116248	0.0	1808	plus
NC_000913.2_Escherichia_coli_str._K-12_substr._MG1655,_complete_genome_985000:986000	ASM2222v1_CP001368.1	99.300	1000	7	0	1	1000	1120198	1121197	0.0	1808	plus
NC_000913.2_Escherichia_coli_str._K-12_substr._MG1655,_complete_genome_985000:986000	ASM17195v1_ABHQ01000033.1	99.300	1000	7	0	1	1000	30894	29895	0.0	1808	minus
NC_000913.2_Escherichia_coli_str._K-12_substr._MG1655,_complete_genome_985000:986000	ASM15512v1_CM000662.1	99.300	1000	7	0	1	1000	136290	135291	0.0	1808	minus
NC_000913.2_Escherichia_coli_str._K-12_substr._MG1655,_complete_genome_985000:986000	ASM666v1_AE005174.2	99.200	1000	8	0	1	1000	1204472	1205471	0.0	1805	plus
NC_000913.2_Escherichia_coli_str._K-12_substr._MG1655,_complete_genome_985000:986000	ASM2516v1_CP001846.1	99.200	1000	7	1	1	1000	1212261	1213259	0.0	1801	plus
