NC_000913.2_Escherichia_coli_str._K-12_substr._MG1655,_complete_genome_2930000:2931000	SRR10358491_NODE_3_length_265729_cov_14.094081	100.000	1000	0	0	1	1000	201221	202220	0.0	1847	plus
NC_000913.2_Escherichia_coli_str._K-12_substr._MG1655,_complete_genome_2930000:2931000	SRR10358489_NODE_4_length_265730_cov_16.911326	100.000	1000	0	0	1	1000	201222	202221	0.0	1847	plus
NC_000913.2_Escherichia_coli_str._K-12_substr._MG1655,_complete_genome_2930000:2931000	SRR10358488_NODE_3_length_265730_cov_20.485303	100.000	1000	0	0	1	1000	64509	63510	0.0	1847	minus
NC_000913.2_Escherichia_coli_str._K-12_substr._MG1655,_complete_genome_2930000:2931000	SRR10358487_NODE_3_length_265730_cov_13.011318	100.000	1000	0	0	1	1000	64509	63510	0.0	1847	minus
NC_000913.2_Escherichia_coli_str._K-12_substr._MG1655,_complete_genome_2930000:2931000	SRR10358486_NODE_4_length_265730_cov_24.677873	100.000	1000	0	0	1	1000	201222	202221	0.0	1847	plus
NC_000913.2_Escherichia_coli_str._K-12_substr._MG1655,_complete_genome_2930000:2931000	SRR10358485_NODE_3_length_265727_cov_18.045960	100.000	1000	0	0	1	1000	201222	202221	0.0	1847	plus
NC_000913.2_Escherichia_coli_str._K-12_substr._MG1655,_complete_genome_2930000:2931000	ASM886v1_BA000007.2	99.300	1000	7	0	1	1000	3654379	3655378	0.0	1808	plus
NC_000913.2_Escherichia_coli_str._K-12_substr._MG1655,_complete_genome_2930000:2931000	ASM666v1_AE005174.2	99.300	1000	7	0	1	1000	3721677	3722676	0.0	1808	plus
NC_000913.2_Escherichia_coli_str._K-12_substr._MG1655,_complete_genome_2930000:2931000	ASM2516v1_CP001846.1	99.300	1000	7	0	1	1000	3492456	3493455	0.0	1808	plus
NC_000913.2_Escherichia_coli_str._K-12_substr._MG1655,_complete_genome_2930000:2931000	ASM2222v1_CP001368.1	99.300	1000	7	0	1	1000	3713502	3714501	0.0	1808	plus
NC_000913.2_Escherichia_coli_str._K-12_substr._MG1655,_complete_genome_2930000:2931000	ASM17195v1_ABHQ01000001.1	99.300	1000	7	0	1	1000	402701	403700	0.0	1808	plus
NC_000913.2_Escherichia_coli_str._K-12_substr._MG1655,_complete_genome_2930000:2931000	ASM15512v1_CM000662.1	99.300	1000	7	0	1	1000	3118111	3117112	0.0	1808	minus
