NC_000913.2_Escherichia_coli_str._K-12_substr._MG1655,_complete_genome_1065000:1066000	SRR10358491_NODE_29_length_44018_cov_9.874576	100.000	1000	0	0	1	1000	28594	27595	0.0	1847	minus
NC_000913.2_Escherichia_coli_str._K-12_substr._MG1655,_complete_genome_1065000:1066000	SRR10358489_NODE_2_length_361112_cov_16.843946	100.000	1000	0	0	1	1000	332519	333518	0.0	1847	plus
NC_000913.2_Escherichia_coli_str._K-12_substr._MG1655,_complete_genome_1065000:1066000	SRR10358488_NODE_29_length_43953_cov_17.768471	100.000	1000	0	0	1	1000	28594	27595	0.0	1847	minus
NC_000913.2_Escherichia_coli_str._K-12_substr._MG1655,_complete_genome_1065000:1066000	SRR10358487_NODE_30_length_43953_cov_12.790992	100.000	1000	0	0	1	1000	28594	27595	0.0	1847	minus
NC_000913.2_Escherichia_coli_str._K-12_substr._MG1655,_complete_genome_1065000:1066000	SRR10358486_NODE_28_length_43953_cov_24.258614	100.000	1000	0	0	1	1000	28594	27595	0.0	1847	minus
NC_000913.2_Escherichia_coli_str._K-12_substr._MG1655,_complete_genome_1065000:1066000	SRR10358485_NODE_29_length_43949_cov_14.750240	100.000	1000	0	0	1	1000	15356	16355	0.0	1847	plus
NC_000913.2_Escherichia_coli_str._K-12_substr._MG1655,_complete_genome_1065000:1066000	ASM886v1_BA000007.2	98.300	1000	17	0	1	1000	1244131	1245130	0.0	1753	plus
NC_000913.2_Escherichia_coli_str._K-12_substr._MG1655,_complete_genome_1065000:1066000	ASM666v1_AE005174.2	98.300	1000	17	0	1	1000	1328948	1329947	0.0	1753	plus
NC_000913.2_Escherichia_coli_str._K-12_substr._MG1655,_complete_genome_1065000:1066000	ASM2516v1_CP001846.1	98.300	1000	17	0	1	1000	1291533	1292532	0.0	1753	plus
NC_000913.2_Escherichia_coli_str._K-12_substr._MG1655,_complete_genome_1065000:1066000	ASM2222v1_CP001368.1	98.300	1000	17	0	1	1000	1249450	1250449	0.0	1753	plus
NC_000913.2_Escherichia_coli_str._K-12_substr._MG1655,_complete_genome_1065000:1066000	ASM17195v1_ABHQ01000007.1	98.300	1000	17	0	1	1000	97686	98685	0.0	1753	plus
NC_000913.2_Escherichia_coli_str._K-12_substr._MG1655,_complete_genome_1065000:1066000	ASM15512v1_CM000662.1	98.300	1000	17	0	1	1000	7268	6269	0.0	1753	minus
