NC_000913.2_Escherichia_coli_str._K-12_substr._MG1655,_complete_genome_4605000:4606000	SRR10358491_NODE_28_length_54252_cov_14.817201	100.000	1000	0	0	1	1000	4061	5060	0.0	1847	plus
NC_000913.2_Escherichia_coli_str._K-12_substr._MG1655,_complete_genome_4605000:4606000	SRR10358489_NODE_11_length_148613_cov_17.336321	100.000	1000	0	0	1	1000	98426	99425	0.0	1847	plus
NC_000913.2_Escherichia_coli_str._K-12_substr._MG1655,_complete_genome_4605000:4606000	SRR10358488_NODE_28_length_54252_cov_20.249312	100.000	1000	0	0	1	1000	4061	5060	0.0	1847	plus
NC_000913.2_Escherichia_coli_str._K-12_substr._MG1655,_complete_genome_4605000:4606000	SRR10358487_NODE_29_length_54252_cov_12.773912	100.000	1000	0	0	1	1000	50192	49193	0.0	1847	minus
NC_000913.2_Escherichia_coli_str._K-12_substr._MG1655,_complete_genome_4605000:4606000	SRR10358486_NODE_26_length_54252_cov_21.175224	100.000	1000	0	0	1	1000	4061	5060	0.0	1847	plus
NC_000913.2_Escherichia_coli_str._K-12_substr._MG1655,_complete_genome_4605000:4606000	SRR10358485_NODE_28_length_54253_cov_15.765399	100.000	1000	0	0	1	1000	50193	49194	0.0	1847	minus
NC_000913.2_Escherichia_coli_str._K-12_substr._MG1655,_complete_genome_4605000:4606000	ASM2516v1_CP001846.1	98.400	1000	16	0	1	1000	5303532	5304531	0.0	1759	plus
NC_000913.2_Escherichia_coli_str._K-12_substr._MG1655,_complete_genome_4605000:4606000	ASM886v1_BA000007.2	98.300	1000	17	0	1	1000	5465024	5466023	0.0	1753	plus
NC_000913.2_Escherichia_coli_str._K-12_substr._MG1655,_complete_genome_4605000:4606000	ASM666v1_AE005174.2	98.300	1000	17	0	1	1000	5495018	5496017	0.0	1753	plus
NC_000913.2_Escherichia_coli_str._K-12_substr._MG1655,_complete_genome_4605000:4606000	ASM2222v1_CP001368.1	98.300	1000	17	0	1	1000	5494709	5495708	0.0	1753	plus
NC_000913.2_Escherichia_coli_str._K-12_substr._MG1655,_complete_genome_4605000:4606000	ASM17195v1_ABHQ01000010.1	98.300	1000	17	0	1	1000	62528	63527	0.0	1753	plus
NC_000913.2_Escherichia_coli_str._K-12_substr._MG1655,_complete_genome_4605000:4606000	ASM15512v1_CM000662.1	98.300	1000	17	0	1	1000	1333480	1332481	0.0	1753	minus
