NC_000913.2_Escherichia_coli_str._K-12_substr._MG1655,_complete_genome_2260000:2261000	SRR10358491_NODE_15_length_117743_cov_10.087871	100.000	1000	0	0	1	1000	90677	91676	0.0	1847	plus
NC_000913.2_Escherichia_coli_str._K-12_substr._MG1655,_complete_genome_2260000:2261000	SRR10358489_NODE_15_length_117743_cov_16.552960	100.000	1000	0	0	1	1000	27067	26068	0.0	1847	minus
NC_000913.2_Escherichia_coli_str._K-12_substr._MG1655,_complete_genome_2260000:2261000	SRR10358488_NODE_15_length_117743_cov_17.253324	100.000	1000	0	0	1	1000	90677	91676	0.0	1847	plus
NC_000913.2_Escherichia_coli_str._K-12_substr._MG1655,_complete_genome_2260000:2261000	SRR10358487_NODE_14_length_117761_cov_12.682184	100.000	1000	0	0	1	1000	27084	26085	0.0	1847	minus
NC_000913.2_Escherichia_coli_str._K-12_substr._MG1655,_complete_genome_2260000:2261000	SRR10358486_NODE_13_length_117744_cov_23.558032	100.000	1000	0	0	1	1000	90678	91677	0.0	1847	plus
NC_000913.2_Escherichia_coli_str._K-12_substr._MG1655,_complete_genome_2260000:2261000	SRR10358485_NODE_15_length_117742_cov_14.240182	100.000	1000	0	0	1	1000	27067	26068	0.0	1847	minus
NC_000913.2_Escherichia_coli_str._K-12_substr._MG1655,_complete_genome_2260000:2261000	ASM886v1_BA000007.2	99.300	1000	7	0	1	1000	2996908	2997907	0.0	1808	plus
NC_000913.2_Escherichia_coli_str._K-12_substr._MG1655,_complete_genome_2260000:2261000	ASM2516v1_CP001846.1	99.300	1000	7	0	1	1000	2737663	2738662	0.0	1808	plus
NC_000913.2_Escherichia_coli_str._K-12_substr._MG1655,_complete_genome_2260000:2261000	ASM2222v1_CP001368.1	99.300	1000	7	0	1	1000	2993141	2994140	0.0	1808	plus
NC_000913.2_Escherichia_coli_str._K-12_substr._MG1655,_complete_genome_2260000:2261000	ASM17195v1_ABHQ01000004.1	99.300	1000	7	0	1	1000	38644	39643	0.0	1808	plus
NC_000913.2_Escherichia_coli_str._K-12_substr._MG1655,_complete_genome_2260000:2261000	ASM15512v1_CM000662.1	99.300	1000	7	0	1	1000	3836520	3835521	0.0	1808	minus
NC_000913.2_Escherichia_coli_str._K-12_substr._MG1655,_complete_genome_2260000:2261000	ASM666v1_AE005174.2	99.200	1000	8	0	1	1000	3068176	3069175	0.0	1805	plus
