NC_000913.2_Escherichia_coli_str._K-12_substr._MG1655,_complete_genome_2780000:2781000	SRR10358491_NODE_3_length_265729_cov_14.094081	100.000	1000	0	0	1	1000	51222	52221	0.0	1847	plus
NC_000913.2_Escherichia_coli_str._K-12_substr._MG1655,_complete_genome_2780000:2781000	SRR10358489_NODE_4_length_265730_cov_16.911326	100.000	1000	0	0	1	1000	51222	52221	0.0	1847	plus
NC_000913.2_Escherichia_coli_str._K-12_substr._MG1655,_complete_genome_2780000:2781000	SRR10358488_NODE_3_length_265730_cov_20.485303	100.000	1000	0	0	1	1000	214509	213510	0.0	1847	minus
NC_000913.2_Escherichia_coli_str._K-12_substr._MG1655,_complete_genome_2780000:2781000	SRR10358487_NODE_3_length_265730_cov_13.011318	100.000	1000	0	0	1	1000	214509	213510	0.0	1847	minus
NC_000913.2_Escherichia_coli_str._K-12_substr._MG1655,_complete_genome_2780000:2781000	SRR10358486_NODE_4_length_265730_cov_24.677873	100.000	1000	0	0	1	1000	51222	52221	0.0	1847	plus
NC_000913.2_Escherichia_coli_str._K-12_substr._MG1655,_complete_genome_2780000:2781000	SRR10358485_NODE_3_length_265727_cov_18.045960	100.000	1000	0	0	1	1000	51222	52221	0.0	1847	plus
NC_000913.2_Escherichia_coli_str._K-12_substr._MG1655,_complete_genome_2780000:2781000	ASM886v1_BA000007.2	97.996	998	20	0	3	1000	3504165	3505162	0.0	1733	plus
NC_000913.2_Escherichia_coli_str._K-12_substr._MG1655,_complete_genome_2780000:2781000	ASM666v1_AE005174.2	97.996	998	20	0	3	1000	3571455	3572452	0.0	1733	plus
NC_000913.2_Escherichia_coli_str._K-12_substr._MG1655,_complete_genome_2780000:2781000	ASM2516v1_CP001846.1	97.996	998	20	0	3	1000	3341909	3342906	0.0	1733	plus
NC_000913.2_Escherichia_coli_str._K-12_substr._MG1655,_complete_genome_2780000:2781000	ASM2222v1_CP001368.1	97.996	998	20	0	3	1000	3563126	3564123	0.0	1733	plus
NC_000913.2_Escherichia_coli_str._K-12_substr._MG1655,_complete_genome_2780000:2781000	ASM17195v1_ABHQ01000001.1	97.996	998	20	0	3	1000	252325	253322	0.0	1733	plus
NC_000913.2_Escherichia_coli_str._K-12_substr._MG1655,_complete_genome_2780000:2781000	ASM15512v1_CM000662.1	97.996	998	20	0	3	1000	3268331	3267334	0.0	1733	minus
