NC_000913.2_Escherichia_coli_str._K-12_substr._MG1655,_complete_genome_1715000:1716000	SRR10358491_NODE_6_length_208552_cov_7.941471	100.000	1000	0	0	1	1000	65555	66554	0.0	1847	plus
NC_000913.2_Escherichia_coli_str._K-12_substr._MG1655,_complete_genome_1715000:1716000	SRR10358489_NODE_1_length_414105_cov_16.439444	100.000	1000	0	0	1	1000	348550	347551	0.0	1847	minus
NC_000913.2_Escherichia_coli_str._K-12_substr._MG1655,_complete_genome_1715000:1716000	SRR10358488_NODE_1_length_414105_cov_16.407519	100.000	1000	0	0	1	1000	348550	347551	0.0	1847	minus
NC_000913.2_Escherichia_coli_str._K-12_substr._MG1655,_complete_genome_1715000:1716000	SRR10358487_NODE_1_length_414105_cov_12.682679	100.000	1000	0	0	1	1000	65556	66555	0.0	1847	plus
NC_000913.2_Escherichia_coli_str._K-12_substr._MG1655,_complete_genome_1715000:1716000	SRR10358486_NODE_1_length_414105_cov_23.445681	100.000	1000	0	0	1	1000	65556	66555	0.0	1847	plus
NC_000913.2_Escherichia_coli_str._K-12_substr._MG1655,_complete_genome_1715000:1716000	SRR10358485_NODE_5_length_228539_cov_14.517368	100.000	1000	0	0	1	1000	162984	161985	0.0	1847	minus
NC_000913.2_Escherichia_coli_str._K-12_substr._MG1655,_complete_genome_1715000:1716000	ASM886v1_BA000007.2	99.400	1000	6	0	1	1000	2316704	2317703	0.0	1814	plus
NC_000913.2_Escherichia_coli_str._K-12_substr._MG1655,_complete_genome_1715000:1716000	ASM2516v1_CP001846.1	99.400	1000	6	0	1	1000	2074009	2075008	0.0	1814	plus
NC_000913.2_Escherichia_coli_str._K-12_substr._MG1655,_complete_genome_1715000:1716000	ASM2222v1_CP001368.1	99.400	1000	6	0	1	1000	2221980	2222979	0.0	1814	plus
NC_000913.2_Escherichia_coli_str._K-12_substr._MG1655,_complete_genome_1715000:1716000	ASM17195v1_ABHQ01000024.1	99.400	1000	6	0	1	1000	62430	63429	0.0	1814	plus
NC_000913.2_Escherichia_coli_str._K-12_substr._MG1655,_complete_genome_1715000:1716000	ASM15512v1_CM000662.1	99.400	1000	6	0	1	1000	4517961	4516962	0.0	1814	minus
NC_000913.2_Escherichia_coli_str._K-12_substr._MG1655,_complete_genome_1715000:1716000	ASM666v1_AE005174.2	99.301	1001	6	1	1	1000	2391896	2392896	0.0	1808	plus
