NC_000913.2_Escherichia_coli_str._K-12_substr._MG1655,_complete_genome_3665000:3666000	ASM886v1_BA000007.2	98.500	1000	15	0	1	1000	4409114	4410113	0.0	1764	plus
NC_000913.2_Escherichia_coli_str._K-12_substr._MG1655,_complete_genome_3665000:3666000	ASM666v1_AE005174.2	98.500	1000	15	0	1	1000	4476341	4477340	0.0	1764	plus
NC_000913.2_Escherichia_coli_str._K-12_substr._MG1655,_complete_genome_3665000:3666000	ASM2516v1_CP001846.1	98.500	1000	15	0	1	1000	4297706	4298705	0.0	1764	plus
NC_000913.2_Escherichia_coli_str._K-12_substr._MG1655,_complete_genome_3665000:3666000	ASM2222v1_CP001368.1	98.500	1000	15	0	1	1000	4468232	4469231	0.0	1764	plus
NC_000913.2_Escherichia_coli_str._K-12_substr._MG1655,_complete_genome_3665000:3666000	ASM17195v1_ABHQ01000003.1	98.500	1000	15	0	1	1000	212505	213504	0.0	1764	plus
NC_000913.2_Escherichia_coli_str._K-12_substr._MG1655,_complete_genome_3665000:3666000	ASM15512v1_CM000662.1	98.500	1000	15	0	1	1000	2363384	2362385	0.0	1764	minus
NC_000913.2_Escherichia_coli_str._K-12_substr._MG1655,_complete_genome_3665000:3666000	SRR10358491_NODE_17_length_95317_cov_19.885124	100.000	767	0	0	234	1000	1	767	0.0	1417	plus
NC_000913.2_Escherichia_coli_str._K-12_substr._MG1655,_complete_genome_3665000:3666000	SRR10358489_NODE_17_length_95180_cov_16.964872	100.000	767	0	0	234	1000	95180	94414	0.0	1417	minus
NC_000913.2_Escherichia_coli_str._K-12_substr._MG1655,_complete_genome_3665000:3666000	SRR10358488_NODE_17_length_95318_cov_20.159626	100.000	767	0	0	234	1000	1	767	0.0	1417	plus
NC_000913.2_Escherichia_coli_str._K-12_substr._MG1655,_complete_genome_3665000:3666000	SRR10358487_NODE_17_length_95318_cov_12.563919	100.000	767	0	0	234	1000	95318	94552	0.0	1417	minus
NC_000913.2_Escherichia_coli_str._K-12_substr._MG1655,_complete_genome_3665000:3666000	SRR10358486_NODE_27_length_53549_cov_21.722025	100.000	767	0	0	234	1000	53549	52783	0.0	1417	minus
NC_000913.2_Escherichia_coli_str._K-12_substr._MG1655,_complete_genome_3665000:3666000	SRR10358485_NODE_17_length_95180_cov_20.049541	100.000	767	0	0	234	1000	1	767	0.0	1417	plus
