NC_000913.2_Escherichia_coli_str._K-12_substr._MG1655,_complete_genome_2700000:2701000	SRR10358491_NODE_5_length_210722_cov_11.226102	100.000	1000	0	0	1	1000	186397	187396	0.0	1847	plus
NC_000913.2_Escherichia_coli_str._K-12_substr._MG1655,_complete_genome_2700000:2701000	SRR10358489_NODE_5_length_210722_cov_16.906422	100.000	1000	0	0	1	1000	186397	187396	0.0	1847	plus
NC_000913.2_Escherichia_coli_str._K-12_substr._MG1655,_complete_genome_2700000:2701000	SRR10358488_NODE_4_length_210723_cov_18.722716	100.000	1000	0	0	1	1000	186398	187397	0.0	1847	plus
NC_000913.2_Escherichia_coli_str._K-12_substr._MG1655,_complete_genome_2700000:2701000	SRR10358487_NODE_5_length_210723_cov_12.686608	100.000	1000	0	0	1	1000	24326	23327	0.0	1847	minus
NC_000913.2_Escherichia_coli_str._K-12_substr._MG1655,_complete_genome_2700000:2701000	SRR10358486_NODE_6_length_210723_cov_21.594005	100.000	1000	0	0	1	1000	24326	23327	0.0	1847	minus
NC_000913.2_Escherichia_coli_str._K-12_substr._MG1655,_complete_genome_2700000:2701000	SRR10358485_NODE_6_length_210724_cov_13.704744	100.000	1000	0	0	1	1000	186399	187398	0.0	1847	plus
NC_000913.2_Escherichia_coli_str._K-12_substr._MG1655,_complete_genome_2700000:2701000	ASM886v1_BA000007.2	99.400	1000	6	0	1	1000	3422363	3423362	0.0	1814	plus
NC_000913.2_Escherichia_coli_str._K-12_substr._MG1655,_complete_genome_2700000:2701000	ASM666v1_AE005174.2	99.400	1000	6	0	1	1000	3492202	3493201	0.0	1814	plus
NC_000913.2_Escherichia_coli_str._K-12_substr._MG1655,_complete_genome_2700000:2701000	ASM2516v1_CP001846.1	99.400	1000	6	0	1	1000	3204911	3205910	0.0	1814	plus
NC_000913.2_Escherichia_coli_str._K-12_substr._MG1655,_complete_genome_2700000:2701000	ASM2222v1_CP001368.1	99.400	1000	6	0	1	1000	3481351	3482350	0.0	1814	plus
NC_000913.2_Escherichia_coli_str._K-12_substr._MG1655,_complete_genome_2700000:2701000	ASM17195v1_ABHQ01000001.1	99.400	1000	6	0	1	1000	170555	171554	0.0	1814	plus
NC_000913.2_Escherichia_coli_str._K-12_substr._MG1655,_complete_genome_2700000:2701000	ASM15512v1_CM000662.1	99.400	1000	6	0	1	1000	3349896	3348897	0.0	1814	minus
