NC_000913.2_Escherichia_coli_str._K-12_substr._MG1655,_complete_genome_2595000:2596000	SRR10358491_NODE_5_length_210722_cov_11.226102	100.000	1000	0	0	1	1000	81488	82487	0.0	1847	plus
NC_000913.2_Escherichia_coli_str._K-12_substr._MG1655,_complete_genome_2595000:2596000	SRR10358489_NODE_5_length_210722_cov_16.906422	100.000	1000	0	0	1	1000	81488	82487	0.0	1847	plus
NC_000913.2_Escherichia_coli_str._K-12_substr._MG1655,_complete_genome_2595000:2596000	SRR10358488_NODE_4_length_210723_cov_18.722716	100.000	1000	0	0	1	1000	81489	82488	0.0	1847	plus
NC_000913.2_Escherichia_coli_str._K-12_substr._MG1655,_complete_genome_2595000:2596000	SRR10358487_NODE_5_length_210723_cov_12.686608	100.000	1000	0	0	1	1000	129235	128236	0.0	1847	minus
NC_000913.2_Escherichia_coli_str._K-12_substr._MG1655,_complete_genome_2595000:2596000	SRR10358486_NODE_6_length_210723_cov_21.594005	100.000	1000	0	0	1	1000	129235	128236	0.0	1847	minus
NC_000913.2_Escherichia_coli_str._K-12_substr._MG1655,_complete_genome_2595000:2596000	SRR10358485_NODE_6_length_210724_cov_13.704744	100.000	1000	0	0	1	1000	81490	82489	0.0	1847	plus
NC_000913.2_Escherichia_coli_str._K-12_substr._MG1655,_complete_genome_2595000:2596000	ASM886v1_BA000007.2	99.200	1000	8	0	1	1000	3313074	3314073	0.0	1803	plus
NC_000913.2_Escherichia_coli_str._K-12_substr._MG1655,_complete_genome_2595000:2596000	ASM2222v1_CP001368.1	99.200	1000	8	0	1	1000	3372062	3373061	0.0	1803	plus
NC_000913.2_Escherichia_coli_str._K-12_substr._MG1655,_complete_genome_2595000:2596000	ASM17195v1_ABHQ01000001.1	99.200	1000	8	0	1	1000	61266	62265	0.0	1803	plus
NC_000913.2_Escherichia_coli_str._K-12_substr._MG1655,_complete_genome_2595000:2596000	ASM15512v1_CM000662.1	99.200	1000	8	0	1	1000	3459186	3458187	0.0	1803	minus
NC_000913.2_Escherichia_coli_str._K-12_substr._MG1655,_complete_genome_2595000:2596000	ASM666v1_AE005174.2	99.100	1000	9	0	1	1000	3382908	3383907	0.0	1799	plus
NC_000913.2_Escherichia_coli_str._K-12_substr._MG1655,_complete_genome_2595000:2596000	ASM2516v1_CP001846.1	99.100	1000	9	0	1	1000	3054145	3055144	0.0	1797	plus
