NC_000913.2_Escherichia_coli_str._K-12_substr._MG1655,_complete_genome_1280000:1281000	SRR10358489_NODE_3_length_282492_cov_16.393724	100.000	1000	0	0	1	1000	168299	169298	0.0	1847	plus
NC_000913.2_Escherichia_coli_str._K-12_substr._MG1655,_complete_genome_1280000:1281000	SRR10358488_NODE_2_length_297749_cov_17.298217	100.000	1000	0	0	1	1000	114247	113248	0.0	1847	minus
NC_000913.2_Escherichia_coli_str._K-12_substr._MG1655,_complete_genome_1280000:1281000	SRR10358487_NODE_13_length_124762_cov_12.884864	100.000	1000	0	0	1	1000	114248	113249	0.0	1847	minus
NC_000913.2_Escherichia_coli_str._K-12_substr._MG1655,_complete_genome_1280000:1281000	SRR10358486_NODE_3_length_282546_cov_23.823528	100.000	1000	0	0	1	1000	114248	113249	0.0	1847	minus
NC_000913.2_Escherichia_coli_str._K-12_substr._MG1655,_complete_genome_1280000:1281000	SRR10358485_NODE_2_length_297748_cov_15.299391	100.000	1000	0	0	1	1000	114246	113247	0.0	1847	minus
NC_000913.2_Escherichia_coli_str._K-12_substr._MG1655,_complete_genome_1280000:1281000	SRR10358491_NODE_2_length_297749_cov_9.123549	99.900	1000	1	0	1	1000	183502	184501	0.0	1842	plus
NC_000913.2_Escherichia_coli_str._K-12_substr._MG1655,_complete_genome_1280000:1281000	ASM666v1_AE005174.2	99.200	1000	8	0	1	1000	1817937	1818936	0.0	1803	plus
NC_000913.2_Escherichia_coli_str._K-12_substr._MG1655,_complete_genome_1280000:1281000	ASM886v1_BA000007.2	99.100	1000	9	0	1	1000	1726001	1727000	0.0	1797	plus
NC_000913.2_Escherichia_coli_str._K-12_substr._MG1655,_complete_genome_1280000:1281000	ASM2516v1_CP001846.1	99.100	1000	9	0	1	1000	1543425	1544424	0.0	1797	plus
NC_000913.2_Escherichia_coli_str._K-12_substr._MG1655,_complete_genome_1280000:1281000	ASM2222v1_CP001368.1	99.100	1000	9	0	1	1000	1646471	1647470	0.0	1797	plus
NC_000913.2_Escherichia_coli_str._K-12_substr._MG1655,_complete_genome_1280000:1281000	ASM17195v1_ABHQ01000015.1	99.100	1000	9	0	1	1000	122293	123292	0.0	1797	plus
NC_000913.2_Escherichia_coli_str._K-12_substr._MG1655,_complete_genome_1280000:1281000	ASM15512v1_CM000662.1	99.100	1000	9	0	1	1000	5105243	5104244	0.0	1797	minus
