NC_000913.2_Escherichia_coli_str._K-12_substr._MG1655,_complete_genome_1855000:1856000	SRR10358491_NODE_6_length_208552_cov_7.941471	100.000	1000	0	0	1	1000	205554	206553	0.0	1847	plus
NC_000913.2_Escherichia_coli_str._K-12_substr._MG1655,_complete_genome_1855000:1856000	SRR10358489_NODE_1_length_414105_cov_16.439444	100.000	1000	0	0	1	1000	208550	207551	0.0	1847	minus
NC_000913.2_Escherichia_coli_str._K-12_substr._MG1655,_complete_genome_1855000:1856000	SRR10358488_NODE_1_length_414105_cov_16.407519	100.000	1000	0	0	1	1000	208550	207551	0.0	1847	minus
NC_000913.2_Escherichia_coli_str._K-12_substr._MG1655,_complete_genome_1855000:1856000	SRR10358487_NODE_1_length_414105_cov_12.682679	100.000	1000	0	0	1	1000	205556	206555	0.0	1847	plus
NC_000913.2_Escherichia_coli_str._K-12_substr._MG1655,_complete_genome_1855000:1856000	SRR10358486_NODE_1_length_414105_cov_23.445681	100.000	1000	0	0	1	1000	205556	206555	0.0	1847	plus
NC_000913.2_Escherichia_coli_str._K-12_substr._MG1655,_complete_genome_1855000:1856000	SRR10358485_NODE_5_length_228539_cov_14.517368	100.000	1000	0	0	1	1000	22985	21986	0.0	1847	minus
NC_000913.2_Escherichia_coli_str._K-12_substr._MG1655,_complete_genome_1855000:1856000	ASM886v1_BA000007.2	98.200	1000	18	0	1	1000	2458579	2459578	0.0	1748	plus
NC_000913.2_Escherichia_coli_str._K-12_substr._MG1655,_complete_genome_1855000:1856000	ASM666v1_AE005174.2	98.200	1000	18	0	1	1000	2533782	2534781	0.0	1748	plus
NC_000913.2_Escherichia_coli_str._K-12_substr._MG1655,_complete_genome_1855000:1856000	ASM2516v1_CP001846.1	98.200	1000	18	0	1	1000	2250315	2251314	0.0	1748	plus
NC_000913.2_Escherichia_coli_str._K-12_substr._MG1655,_complete_genome_1855000:1856000	ASM2222v1_CP001368.1	98.200	1000	18	0	1	1000	2363854	2364853	0.0	1748	plus
NC_000913.2_Escherichia_coli_str._K-12_substr._MG1655,_complete_genome_1855000:1856000	ASM17195v1_ABHQ01000013.1	98.200	1000	18	0	1	1000	101375	102374	0.0	1748	plus
NC_000913.2_Escherichia_coli_str._K-12_substr._MG1655,_complete_genome_1855000:1856000	ASM15512v1_CM000662.1	98.200	1000	18	0	1	1000	4374777	4373778	0.0	1748	minus
