NC_000913.2_Escherichia_coli_str._K-12_substr._MG1655,_complete_genome_3940000:3941000	ASM886v1_BA000007.2	99.900	1000	1	0	1	1000	3451106	3450107	0.0	1842	minus
NC_000913.2_Escherichia_coli_str._K-12_substr._MG1655,_complete_genome_3940000:3941000	ASM886v1_BA000007.2	99.201	1001	6	2	1	1000	227272	228271	0.0	1803	plus
NC_000913.2_Escherichia_coli_str._K-12_substr._MG1655,_complete_genome_3940000:3941000	ASM886v1_BA000007.2	99.201	1001	6	2	1	1000	4163605	4162606	0.0	1803	minus
NC_000913.2_Escherichia_coli_str._K-12_substr._MG1655,_complete_genome_3940000:3941000	ASM886v1_BA000007.2	99.201	1001	6	2	1	1000	4735422	4736421	0.0	1803	plus
NC_000913.2_Escherichia_coli_str._K-12_substr._MG1655,_complete_genome_3940000:3941000	ASM886v1_BA000007.2	99.201	1001	6	2	1	1000	4831824	4832823	0.0	1803	plus
NC_000913.2_Escherichia_coli_str._K-12_substr._MG1655,_complete_genome_3940000:3941000	ASM886v1_BA000007.2	99.201	1001	6	2	1	1000	4976097	4977096	0.0	1803	plus
NC_000913.2_Escherichia_coli_str._K-12_substr._MG1655,_complete_genome_3940000:3941000	ASM886v1_BA000007.2	99.201	1001	6	2	1	1000	5017123	5018122	0.0	1803	plus
NC_000913.2_Escherichia_coli_str._K-12_substr._MG1655,_complete_genome_3940000:3941000	ASM666v1_AE005174.2	99.900	1000	1	0	1	1000	4230827	4229828	0.0	1842	minus
NC_000913.2_Escherichia_coli_str._K-12_substr._MG1655,_complete_genome_3940000:3941000	ASM666v1_AE005174.2	99.400	1000	6	0	1	1000	5085869	5086868	0.0	1823	plus
NC_000913.2_Escherichia_coli_str._K-12_substr._MG1655,_complete_genome_3940000:3941000	ASM666v1_AE005174.2	99.201	1001	6	2	1	1000	227273	228272	0.0	1803	plus
NC_000913.2_Escherichia_coli_str._K-12_substr._MG1655,_complete_genome_3940000:3941000	ASM666v1_AE005174.2	99.101	1001	6	3	1	1000	4804403	4805401	0.0	1796	plus
NC_000913.2_Escherichia_coli_str._K-12_substr._MG1655,_complete_genome_3940000:3941000	ASM666v1_AE005174.2	99.001	1001	8	2	1	1000	4900588	4901587	0.0	1796	plus
NC_000913.2_Escherichia_coli_str._K-12_substr._MG1655,_complete_genome_3940000:3941000	ASM666v1_AE005174.2	98.801	1001	10	2	1	1000	5044860	5045859	0.0	1788	plus
NC_000913.2_Escherichia_coli_str._K-12_substr._MG1655,_complete_genome_3940000:3941000	ASM666v1_AE005174.2	98.807	1006	5	7	1	1000	3520954	3519950	0.0	1784	minus
NC_000913.2_Escherichia_coli_str._K-12_substr._MG1655,_complete_genome_3940000:3941000	ASM2222v1_CP001368.1	99.900	1000	1	0	1	1000	3510092	3509093	0.0	1842	minus
NC_000913.2_Escherichia_coli_str._K-12_substr._MG1655,_complete_genome_3940000:3941000	ASM2222v1_CP001368.1	99.201	1001	6	2	1	1000	227253	228252	0.0	1803	plus
NC_000913.2_Escherichia_coli_str._K-12_substr._MG1655,_complete_genome_3940000:3941000	ASM2222v1_CP001368.1	99.201	1001	6	2	1	1000	4222726	4221727	0.0	1803	minus
NC_000913.2_Escherichia_coli_str._K-12_substr._MG1655,_complete_genome_3940000:3941000	ASM2222v1_CP001368.1	99.201	1001	6	2	1	1000	4794560	4795559	0.0	1803	plus
NC_000913.2_Escherichia_coli_str._K-12_substr._MG1655,_complete_genome_3940000:3941000	ASM2222v1_CP001368.1	99.201	1001	6	2	1	1000	4890999	4891998	0.0	1803	plus
NC_000913.2_Escherichia_coli_str._K-12_substr._MG1655,_complete_genome_3940000:3941000	ASM2222v1_CP001368.1	99.201	1001	6	2	1	1000	5035270	5036269	0.0	1803	plus
NC_000913.2_Escherichia_coli_str._K-12_substr._MG1655,_complete_genome_3940000:3941000	ASM2222v1_CP001368.1	99.201	1001	6	2	1	1000	5076296	5077295	0.0	1803	plus
NC_000913.2_Escherichia_coli_str._K-12_substr._MG1655,_complete_genome_3940000:3941000	ASM17195v1_ABHQ01000001.1	99.900	1000	1	0	1	1000	199296	198297	0.0	1842	minus
NC_000913.2_Escherichia_coli_str._K-12_substr._MG1655,_complete_genome_3940000:3941000	ASM2516v1_CP001846.1	99.800	1000	2	0	1	1000	3233642	3232643	0.0	1836	minus
NC_000913.2_Escherichia_coli_str._K-12_substr._MG1655,_complete_genome_3940000:3941000	ASM2516v1_CP001846.1	99.201	1001	6	2	1	1000	227232	228231	0.0	1803	plus
NC_000913.2_Escherichia_coli_str._K-12_substr._MG1655,_complete_genome_3940000:3941000	ASM2516v1_CP001846.1	99.201	1001	6	2	1	1000	4052333	4051334	0.0	1803	minus
NC_000913.2_Escherichia_coli_str._K-12_substr._MG1655,_complete_genome_3940000:3941000	ASM2516v1_CP001846.1	99.201	1001	6	2	1	1000	4622943	4623942	0.0	1803	plus
NC_000913.2_Escherichia_coli_str._K-12_substr._MG1655,_complete_genome_3940000:3941000	ASM2516v1_CP001846.1	99.201	1001	6	2	1	1000	4863739	4864738	0.0	1803	plus
NC_000913.2_Escherichia_coli_str._K-12_substr._MG1655,_complete_genome_3940000:3941000	ASM2516v1_CP001846.1	99.201	1001	6	2	1	1000	4904763	4905762	0.0	1803	plus
NC_000913.2_Escherichia_coli_str._K-12_substr._MG1655,_complete_genome_3940000:3941000	ASM2516v1_CP001846.1	99.101	1001	7	2	1	1000	4719099	4720098	0.0	1797	plus
NC_000913.2_Escherichia_coli_str._K-12_substr._MG1655,_complete_genome_3940000:3941000	ASM15512v1_CM000662.1	99.400	1000	2	4	1	1000	3321159	3322154	0.0	1812	plus
NC_000913.2_Escherichia_coli_str._K-12_substr._MG1655,_complete_genome_3940000:3941000	ASM15512v1_CM000662.1	99.201	1001	6	2	1	1000	1072779	1071780	0.0	1803	minus
NC_000913.2_Escherichia_coli_str._K-12_substr._MG1655,_complete_genome_3940000:3941000	ASM15512v1_CM000662.1	99.201	1001	6	2	1	1000	1783546	1782547	0.0	1803	minus
NC_000913.2_Escherichia_coli_str._K-12_substr._MG1655,_complete_genome_3940000:3941000	ASM15512v1_CM000662.1	99.201	1001	6	2	1	1000	2024221	2023222	0.0	1803	minus
NC_000913.2_Escherichia_coli_str._K-12_substr._MG1655,_complete_genome_3940000:3941000	ASM15512v1_CM000662.1	99.198	998	6	2	1	997	2608861	2609857	0.0	1797	plus
NC_000913.2_Escherichia_coli_str._K-12_substr._MG1655,_complete_genome_3940000:3941000	ASM15512v1_CM000662.1	99.003	1003	6	3	1	1000	1742520	1741519	0.0	1794	minus
NC_000913.2_Escherichia_coli_str._K-12_substr._MG1655,_complete_genome_3940000:3941000	ASM15512v1_CM000662.1	98.607	1005	8	6	1	1000	1927823	1926820	0.0	1773	minus
NC_000913.2_Escherichia_coli_str._K-12_substr._MG1655,_complete_genome_3940000:3941000	ASM17195v1_ABHQ01000005.1	99.201	1001	6	2	1	1000	31797	32796	0.0	1803	plus
NC_000913.2_Escherichia_coli_str._K-12_substr._MG1655,_complete_genome_3940000:3941000	ASM17195v1_ABHQ01000006.1	99.201	1001	6	2	1	1000	17502	18501	0.0	1803	plus
NC_000913.2_Escherichia_coli_str._K-12_substr._MG1655,_complete_genome_3940000:3941000	ASM17195v1_ABHQ01000006.1	99.201	1001	6	2	1	1000	113941	114940	0.0	1803	plus
NC_000913.2_Escherichia_coli_str._K-12_substr._MG1655,_complete_genome_3940000:3941000	ASM17195v1_ABHQ01000006.1	99.201	1001	6	2	1	1000	258212	259211	0.0	1803	plus
NC_000913.2_Escherichia_coli_str._K-12_substr._MG1655,_complete_genome_3940000:3941000	ASM17195v1_ABHQ01000019.1	99.201	1001	6	2	1	1000	7404	8403	0.0	1803	plus
NC_000913.2_Escherichia_coli_str._K-12_substr._MG1655,_complete_genome_3940000:3941000	ASM17195v1_ABHQ01000030.1	99.201	1001	6	2	1	1000	24403	23404	0.0	1803	minus
NC_000913.2_Escherichia_coli_str._K-12_substr._MG1655,_complete_genome_3940000:3941000	ASM17195v1_ABHQ01000079.1	99.201	1001	6	2	1	1000	1425	426	0.0	1803	minus
NC_000913.2_Escherichia_coli_str._K-12_substr._MG1655,_complete_genome_3940000:3941000	SRR10358491_NODE_66_length_1283_cov_117.318339	100.000	897	0	0	104	1000	1283	387	0.0	1657	minus
NC_000913.2_Escherichia_coli_str._K-12_substr._MG1655,_complete_genome_3940000:3941000	SRR10358489_NODE_61_length_1283_cov_137.783737	100.000	897	0	0	104	1000	1283	387	0.0	1657	minus
NC_000913.2_Escherichia_coli_str._K-12_substr._MG1655,_complete_genome_3940000:3941000	SRR10358488_NODE_64_length_1283_cov_186.283737	100.000	897	0	0	104	1000	1283	387	0.0	1657	minus
NC_000913.2_Escherichia_coli_str._K-12_substr._MG1655,_complete_genome_3940000:3941000	SRR10358487_NODE_65_length_1283_cov_107.378028	100.000	897	0	0	104	1000	1283	387	0.0	1657	minus
NC_000913.2_Escherichia_coli_str._K-12_substr._MG1655,_complete_genome_3940000:3941000	SRR10358486_NODE_66_length_1283_cov_157.231834	100.000	897	0	0	104	1000	1283	387	0.0	1657	minus
NC_000913.2_Escherichia_coli_str._K-12_substr._MG1655,_complete_genome_3940000:3941000	SRR10358485_NODE_65_length_1283_cov_116.964533	100.000	897	0	0	104	1000	1283	387	0.0	1657	minus
