NC_000913.2_Escherichia_coli_str._K-12_substr._MG1655,_complete_genome_4625000:4626000	SRR10358491_NODE_28_length_54252_cov_14.817201	100.000	1000	0	0	1	1000	24061	25060	0.0	1847	plus
NC_000913.2_Escherichia_coli_str._K-12_substr._MG1655,_complete_genome_4625000:4626000	SRR10358489_NODE_11_length_148613_cov_17.336321	100.000	1000	0	0	1	1000	118426	119425	0.0	1847	plus
NC_000913.2_Escherichia_coli_str._K-12_substr._MG1655,_complete_genome_4625000:4626000	SRR10358488_NODE_28_length_54252_cov_20.249312	100.000	1000	0	0	1	1000	24061	25060	0.0	1847	plus
NC_000913.2_Escherichia_coli_str._K-12_substr._MG1655,_complete_genome_4625000:4626000	SRR10358487_NODE_29_length_54252_cov_12.773912	100.000	1000	0	0	1	1000	30192	29193	0.0	1847	minus
NC_000913.2_Escherichia_coli_str._K-12_substr._MG1655,_complete_genome_4625000:4626000	SRR10358486_NODE_26_length_54252_cov_21.175224	100.000	1000	0	0	1	1000	24061	25060	0.0	1847	plus
NC_000913.2_Escherichia_coli_str._K-12_substr._MG1655,_complete_genome_4625000:4626000	SRR10358485_NODE_28_length_54253_cov_15.765399	100.000	1000	0	0	1	1000	30193	29194	0.0	1847	minus
NC_000913.2_Escherichia_coli_str._K-12_substr._MG1655,_complete_genome_4625000:4626000	ASM886v1_BA000007.2	99.100	1000	9	0	1	1000	5483776	5484775	0.0	1797	plus
NC_000913.2_Escherichia_coli_str._K-12_substr._MG1655,_complete_genome_4625000:4626000	ASM666v1_AE005174.2	99.100	1000	9	0	1	1000	5513771	5514770	0.0	1797	plus
NC_000913.2_Escherichia_coli_str._K-12_substr._MG1655,_complete_genome_4625000:4626000	ASM2222v1_CP001368.1	99.100	1000	9	0	1	1000	5513462	5514461	0.0	1797	plus
NC_000913.2_Escherichia_coli_str._K-12_substr._MG1655,_complete_genome_4625000:4626000	ASM17195v1_ABHQ01000010.1	99.100	1000	9	0	1	1000	81281	82280	0.0	1797	plus
NC_000913.2_Escherichia_coli_str._K-12_substr._MG1655,_complete_genome_4625000:4626000	ASM15512v1_CM000662.1	99.100	1000	9	0	1	1000	1314727	1313728	0.0	1797	minus
NC_000913.2_Escherichia_coli_str._K-12_substr._MG1655,_complete_genome_4625000:4626000	ASM2516v1_CP001846.1	99.000	1000	10	0	1	1000	5371678	5372677	0.0	1792	plus
