NC_000913.2_Escherichia_coli_str._K-12_substr._MG1655,_complete_genome_3640000:3641000	SRR10358491_NODE_40_length_26806_cov_21.410885	100.000	1000	0	0	1	1000	16628	17627	0.0	1847	plus
NC_000913.2_Escherichia_coli_str._K-12_substr._MG1655,_complete_genome_3640000:3641000	SRR10358489_NODE_39_length_26806_cov_16.322613	100.000	1000	0	0	1	1000	16628	17627	0.0	1847	plus
NC_000913.2_Escherichia_coli_str._K-12_substr._MG1655,_complete_genome_3640000:3641000	SRR10358488_NODE_40_length_26806_cov_20.064733	100.000	1000	0	0	1	1000	10179	9180	0.0	1847	minus
NC_000913.2_Escherichia_coli_str._K-12_substr._MG1655,_complete_genome_3640000:3641000	SRR10358487_NODE_40_length_26806_cov_12.882529	100.000	1000	0	0	1	1000	10179	9180	0.0	1847	minus
NC_000913.2_Escherichia_coli_str._K-12_substr._MG1655,_complete_genome_3640000:3641000	SRR10358486_NODE_40_length_26806_cov_25.340305	100.000	1000	0	0	1	1000	16628	17627	0.0	1847	plus
NC_000913.2_Escherichia_coli_str._K-12_substr._MG1655,_complete_genome_3640000:3641000	SRR10358485_NODE_40_length_26806_cov_20.878856	100.000	1000	0	0	1	1000	10179	9180	0.0	1847	minus
NC_000913.2_Escherichia_coli_str._K-12_substr._MG1655,_complete_genome_3640000:3641000	ASM886v1_BA000007.2	97.400	1000	26	0	1	1000	4376290	4377289	0.0	1703	plus
NC_000913.2_Escherichia_coli_str._K-12_substr._MG1655,_complete_genome_3640000:3641000	ASM666v1_AE005174.2	97.400	1000	26	0	1	1000	4443515	4444514	0.0	1703	plus
NC_000913.2_Escherichia_coli_str._K-12_substr._MG1655,_complete_genome_3640000:3641000	ASM2516v1_CP001846.1	97.400	1000	26	0	1	1000	4264881	4265880	0.0	1703	plus
NC_000913.2_Escherichia_coli_str._K-12_substr._MG1655,_complete_genome_3640000:3641000	ASM2222v1_CP001368.1	97.400	1000	26	0	1	1000	4435408	4436407	0.0	1703	plus
NC_000913.2_Escherichia_coli_str._K-12_substr._MG1655,_complete_genome_3640000:3641000	ASM15512v1_CM000662.1	97.400	1000	26	0	1	1000	2396208	2395209	0.0	1703	minus
NC_000913.2_Escherichia_coli_str._K-12_substr._MG1655,_complete_genome_3640000:3641000	ASM17195v1_ABHQ01000003.1	97.300	1000	27	0	1	1000	179681	180680	0.0	1698	plus
