NC_000913.2_Escherichia_coli_str._K-12_substr._MG1655,_complete_genome_2355000:2356000	SRR10358491_NODE_4_length_224192_cov_11.038949	100.000	1000	0	0	1	1000	157427	156428	0.0	1847	minus
NC_000913.2_Escherichia_coli_str._K-12_substr._MG1655,_complete_genome_2355000:2356000	SRR10358489_NODE_6_length_209744_cov_17.155574	100.000	1000	0	0	1	1000	52320	53319	0.0	1847	plus
NC_000913.2_Escherichia_coli_str._K-12_substr._MG1655,_complete_genome_2355000:2356000	SRR10358488_NODE_5_length_209744_cov_17.813722	100.000	1000	0	0	1	1000	52320	53319	0.0	1847	plus
NC_000913.2_Escherichia_coli_str._K-12_substr._MG1655,_complete_genome_2355000:2356000	SRR10358487_NODE_6_length_209744_cov_13.217979	100.000	1000	0	0	1	1000	52320	53319	0.0	1847	plus
NC_000913.2_Escherichia_coli_str._K-12_substr._MG1655,_complete_genome_2355000:2356000	SRR10358486_NODE_5_length_224417_cov_23.200682	100.000	1000	0	0	1	1000	66993	67992	0.0	1847	plus
NC_000913.2_Escherichia_coli_str._K-12_substr._MG1655,_complete_genome_2355000:2356000	SRR10358485_NODE_7_length_196189_cov_15.353786	100.000	1000	0	0	1	1000	129423	128424	0.0	1847	minus
NC_000913.2_Escherichia_coli_str._K-12_substr._MG1655,_complete_genome_2355000:2356000	ASM886v1_BA000007.2	98.736	712	9	0	1	712	3086351	3087062	0.0	1266	plus
NC_000913.2_Escherichia_coli_str._K-12_substr._MG1655,_complete_genome_2355000:2356000	ASM666v1_AE005174.2	98.736	712	9	0	1	712	3157620	3158331	0.0	1266	plus
NC_000913.2_Escherichia_coli_str._K-12_substr._MG1655,_complete_genome_2355000:2356000	ASM2222v1_CP001368.1	98.736	712	9	0	1	712	3082584	3083295	0.0	1266	plus
NC_000913.2_Escherichia_coli_str._K-12_substr._MG1655,_complete_genome_2355000:2356000	ASM17195v1_ABHQ01000004.1	98.736	712	9	0	1	712	128087	128798	0.0	1266	plus
NC_000913.2_Escherichia_coli_str._K-12_substr._MG1655,_complete_genome_2355000:2356000	ASM15512v1_CM000662.1	98.736	712	9	0	1	712	3747078	3746367	0.0	1266	minus
NC_000913.2_Escherichia_coli_str._K-12_substr._MG1655,_complete_genome_2355000:2356000	ASM2516v1_CP001846.1	98.596	712	10	0	1	712	2828557	2829268	0.0	1260	plus
