NC_000913.2_Escherichia_coli_str._K-12_substr._MG1655,_complete_genome_3215000:3216000	SRR10358491_NODE_9_length_178399_cov_16.549290	100.000	1000	0	0	1	1000	29680	30679	0.0	1847	plus
NC_000913.2_Escherichia_coli_str._K-12_substr._MG1655,_complete_genome_3215000:3216000	SRR10358489_NODE_8_length_178400_cov_17.052077	100.000	1000	0	0	1	1000	148721	147722	0.0	1847	minus
NC_000913.2_Escherichia_coli_str._K-12_substr._MG1655,_complete_genome_3215000:3216000	SRR10358488_NODE_8_length_178400_cov_20.036747	100.000	1000	0	0	1	1000	29680	30679	0.0	1847	plus
NC_000913.2_Escherichia_coli_str._K-12_substr._MG1655,_complete_genome_3215000:3216000	SRR10358487_NODE_20_length_79973_cov_12.748453	100.000	1000	0	0	1	1000	29680	30679	0.0	1847	plus
NC_000913.2_Escherichia_coli_str._K-12_substr._MG1655,_complete_genome_3215000:3216000	SRR10358486_NODE_9_length_178400_cov_23.318584	100.000	1000	0	0	1	1000	148721	147722	0.0	1847	minus
NC_000913.2_Escherichia_coli_str._K-12_substr._MG1655,_complete_genome_3215000:3216000	SRR10358485_NODE_10_length_178399_cov_18.076540	100.000	1000	0	0	1	1000	29680	30679	0.0	1847	plus
NC_000913.2_Escherichia_coli_str._K-12_substr._MG1655,_complete_genome_3215000:3216000	ASM2516v1_CP001846.1	97.600	1000	24	0	1	1000	3846264	3847263	0.0	1714	plus
NC_000913.2_Escherichia_coli_str._K-12_substr._MG1655,_complete_genome_3215000:3216000	ASM886v1_BA000007.2	97.500	1000	25	0	1	1000	3956510	3957509	0.0	1709	plus
NC_000913.2_Escherichia_coli_str._K-12_substr._MG1655,_complete_genome_3215000:3216000	ASM666v1_AE005174.2	97.500	1000	25	0	1	1000	4023825	4024824	0.0	1709	plus
NC_000913.2_Escherichia_coli_str._K-12_substr._MG1655,_complete_genome_3215000:3216000	ASM2222v1_CP001368.1	97.500	1000	25	0	1	1000	4015634	4016633	0.0	1709	plus
NC_000913.2_Escherichia_coli_str._K-12_substr._MG1655,_complete_genome_3215000:3216000	ASM17195v1_ABHQ01000008.1	97.500	1000	25	0	1	1000	6199	7198	0.0	1709	plus
NC_000913.2_Escherichia_coli_str._K-12_substr._MG1655,_complete_genome_3215000:3216000	ASM15512v1_CM000662.1	97.500	1000	25	0	1	1000	2815977	2814978	0.0	1709	minus
