NC_000913.2_Escherichia_coli_str._K-12_substr._MG1655,_complete_genome_835000:836000	SRR10358491_NODE_1_length_316522_cov_10.067103	100.000	1000	0	0	1	1000	102269	103268	0.0	1847	plus
NC_000913.2_Escherichia_coli_str._K-12_substr._MG1655,_complete_genome_835000:836000	SRR10358489_NODE_2_length_361112_cov_16.843946	100.000	1000	0	0	1	1000	102519	103518	0.0	1847	plus
NC_000913.2_Escherichia_coli_str._K-12_substr._MG1655,_complete_genome_835000:836000	SRR10358488_NODE_9_length_175923_cov_18.772873	100.000	1000	0	0	1	1000	104140	105139	0.0	1847	plus
NC_000913.2_Escherichia_coli_str._K-12_substr._MG1655,_complete_genome_835000:836000	SRR10358487_NODE_4_length_239915_cov_13.054765	100.000	1000	0	0	1	1000	137652	136653	0.0	1847	minus
NC_000913.2_Escherichia_coli_str._K-12_substr._MG1655,_complete_genome_835000:836000	SRR10358486_NODE_2_length_316163_cov_22.172335	100.000	1000	0	0	1	1000	101998	102997	0.0	1847	plus
NC_000913.2_Escherichia_coli_str._K-12_substr._MG1655,_complete_genome_835000:836000	SRR10358485_NODE_1_length_316175_cov_14.047515	99.900	1000	1	0	1	1000	101998	102997	0.0	1842	plus
NC_000913.2_Escherichia_coli_str._K-12_substr._MG1655,_complete_genome_835000:836000	ASM2516v1_CP001846.1	98.200	1000	18	0	1	1000	1057248	1058247	0.0	1748	plus
NC_000913.2_Escherichia_coli_str._K-12_substr._MG1655,_complete_genome_835000:836000	ASM886v1_BA000007.2	98.100	1000	19	0	1	1000	960218	961217	0.0	1742	plus
NC_000913.2_Escherichia_coli_str._K-12_substr._MG1655,_complete_genome_835000:836000	ASM2222v1_CP001368.1	98.100	1000	19	0	1	1000	965176	966175	0.0	1742	plus
NC_000913.2_Escherichia_coli_str._K-12_substr._MG1655,_complete_genome_835000:836000	ASM17195v1_ABHQ01000002.1	98.100	1000	19	0	1	1000	438175	439174	0.0	1742	plus
NC_000913.2_Escherichia_coli_str._K-12_substr._MG1655,_complete_genome_835000:836000	ASM15512v1_CM000662.1	98.100	1000	19	0	1	1000	300508	299509	0.0	1742	minus
NC_000913.2_Escherichia_coli_str._K-12_substr._MG1655,_complete_genome_835000:836000	ASM666v1_AE005174.2	98.002	1001	19	1	1	1000	961871	962871	0.0	1736	plus
