NC_000913.2_Escherichia_coli_str._K-12_substr._MG1655,_complete_genome_2850000:2851000	SRR10358491_NODE_3_length_265729_cov_14.094081	100.000	1000	0	0	1	1000	121221	122220	0.0	1847	plus
NC_000913.2_Escherichia_coli_str._K-12_substr._MG1655,_complete_genome_2850000:2851000	SRR10358489_NODE_4_length_265730_cov_16.911326	100.000	1000	0	0	1	1000	121222	122221	0.0	1847	plus
NC_000913.2_Escherichia_coli_str._K-12_substr._MG1655,_complete_genome_2850000:2851000	SRR10358488_NODE_3_length_265730_cov_20.485303	100.000	1000	0	0	1	1000	144509	143510	0.0	1847	minus
NC_000913.2_Escherichia_coli_str._K-12_substr._MG1655,_complete_genome_2850000:2851000	SRR10358487_NODE_3_length_265730_cov_13.011318	100.000	1000	0	0	1	1000	144509	143510	0.0	1847	minus
NC_000913.2_Escherichia_coli_str._K-12_substr._MG1655,_complete_genome_2850000:2851000	SRR10358486_NODE_4_length_265730_cov_24.677873	100.000	1000	0	0	1	1000	121222	122221	0.0	1847	plus
NC_000913.2_Escherichia_coli_str._K-12_substr._MG1655,_complete_genome_2850000:2851000	SRR10358485_NODE_3_length_265727_cov_18.045960	100.000	1000	0	0	1	1000	121222	122221	0.0	1847	plus
NC_000913.2_Escherichia_coli_str._K-12_substr._MG1655,_complete_genome_2850000:2851000	ASM2516v1_CP001846.1	97.500	1000	25	0	1	1000	3413615	3414614	0.0	1709	plus
NC_000913.2_Escherichia_coli_str._K-12_substr._MG1655,_complete_genome_2850000:2851000	ASM2222v1_CP001368.1	97.500	1000	25	0	1	1000	3634833	3635832	0.0	1709	plus
NC_000913.2_Escherichia_coli_str._K-12_substr._MG1655,_complete_genome_2850000:2851000	ASM17195v1_ABHQ01000001.1	97.500	1000	25	0	1	1000	324032	325031	0.0	1709	plus
NC_000913.2_Escherichia_coli_str._K-12_substr._MG1655,_complete_genome_2850000:2851000	ASM886v1_BA000007.2	97.400	1000	26	0	1	1000	3575663	3576662	0.0	1703	plus
NC_000913.2_Escherichia_coli_str._K-12_substr._MG1655,_complete_genome_2850000:2851000	ASM15512v1_CM000662.1	97.400	1000	26	0	1	1000	3196827	3195828	0.0	1703	minus
NC_000913.2_Escherichia_coli_str._K-12_substr._MG1655,_complete_genome_2850000:2851000	ASM666v1_AE005174.2	97.300	1000	27	0	1	1000	3642961	3643960	0.0	1700	plus
