NC_000913.2_Escherichia_coli_str._K-12_substr._MG1655,_complete_genome_3995000:3996000	SRR10358489_NODE_18_length_88592_cov_17.666388	100.000	1000	0	0	1	1000	50279	51278	0.0	1847	plus
NC_000913.2_Escherichia_coli_str._K-12_substr._MG1655,_complete_genome_3995000:3996000	SRR10358488_NODE_19_length_88592_cov_20.729113	100.000	1000	0	0	1	1000	50279	51278	0.0	1847	plus
NC_000913.2_Escherichia_coli_str._K-12_substr._MG1655,_complete_genome_3995000:3996000	SRR10358487_NODE_19_length_88743_cov_13.265246	100.000	1000	0	0	1	1000	50279	51278	0.0	1847	plus
NC_000913.2_Escherichia_coli_str._K-12_substr._MG1655,_complete_genome_3995000:3996000	SRR10358486_NODE_17_length_88592_cov_21.385079	100.000	1000	0	0	1	1000	50279	51278	0.0	1847	plus
NC_000913.2_Escherichia_coli_str._K-12_substr._MG1655,_complete_genome_3995000:3996000	SRR10358485_NODE_19_length_88598_cov_17.871834	100.000	1000	0	0	1	1000	38320	37321	0.0	1847	minus
NC_000913.2_Escherichia_coli_str._K-12_substr._MG1655,_complete_genome_3995000:3996000	SRR10358491_NODE_19_length_88592_cov_19.119188	99.800	1000	2	0	1	1000	50279	51278	0.0	1836	plus
NC_000913.2_Escherichia_coli_str._K-12_substr._MG1655,_complete_genome_3995000:3996000	ASM886v1_BA000007.2	97.100	1000	29	0	1	1000	4790636	4791635	0.0	1687	plus
NC_000913.2_Escherichia_coli_str._K-12_substr._MG1655,_complete_genome_3995000:3996000	ASM2516v1_CP001846.1	97.100	1000	29	0	1	1000	4677914	4678913	0.0	1687	plus
NC_000913.2_Escherichia_coli_str._K-12_substr._MG1655,_complete_genome_3995000:3996000	ASM2222v1_CP001368.1	97.100	1000	29	0	1	1000	4849811	4850810	0.0	1687	plus
NC_000913.2_Escherichia_coli_str._K-12_substr._MG1655,_complete_genome_3995000:3996000	ASM17195v1_ABHQ01000006.1	97.100	1000	29	0	1	1000	72753	73752	0.0	1687	plus
NC_000913.2_Escherichia_coli_str._K-12_substr._MG1655,_complete_genome_3995000:3996000	ASM15512v1_CM000662.1	97.100	1000	29	0	1	1000	1969011	1968012	0.0	1687	minus
NC_000913.2_Escherichia_coli_str._K-12_substr._MG1655,_complete_genome_3995000:3996000	ASM666v1_AE005174.2	97.000	1000	30	0	1	1000	4859399	4860398	0.0	1683	plus
