NC_000913.2_Escherichia_coli_str._K-12_substr._MG1655,_complete_genome_1330000:1331000	SRR10358491_NODE_2_length_297749_cov_9.123549	100.000	1000	0	0	1	1000	233502	234501	0.0	1847	plus
NC_000913.2_Escherichia_coli_str._K-12_substr._MG1655,_complete_genome_1330000:1331000	SRR10358489_NODE_3_length_282492_cov_16.393724	100.000	1000	0	0	1	1000	218299	219298	0.0	1847	plus
NC_000913.2_Escherichia_coli_str._K-12_substr._MG1655,_complete_genome_1330000:1331000	SRR10358488_NODE_2_length_297749_cov_17.298217	100.000	1000	0	0	1	1000	64248	63249	0.0	1847	minus
NC_000913.2_Escherichia_coli_str._K-12_substr._MG1655,_complete_genome_1330000:1331000	SRR10358487_NODE_13_length_124762_cov_12.884864	100.000	1000	0	0	1	1000	64248	63249	0.0	1847	minus
NC_000913.2_Escherichia_coli_str._K-12_substr._MG1655,_complete_genome_1330000:1331000	SRR10358486_NODE_3_length_282546_cov_23.823528	100.000	1000	0	0	1	1000	64248	63249	0.0	1847	minus
NC_000913.2_Escherichia_coli_str._K-12_substr._MG1655,_complete_genome_1330000:1331000	SRR10358485_NODE_2_length_297748_cov_15.299391	100.000	1000	0	0	1	1000	64248	63249	0.0	1847	minus
NC_000913.2_Escherichia_coli_str._K-12_substr._MG1655,_complete_genome_1330000:1331000	ASM886v1_BA000007.2	97.800	1000	22	0	1	1000	1832684	1833683	0.0	1725	plus
NC_000913.2_Escherichia_coli_str._K-12_substr._MG1655,_complete_genome_1330000:1331000	ASM666v1_AE005174.2	97.800	1000	22	0	1	1000	2254492	2253493	0.0	1725	minus
NC_000913.2_Escherichia_coli_str._K-12_substr._MG1655,_complete_genome_1330000:1331000	ASM2516v1_CP001846.1	97.800	1000	22	0	1	1000	1644765	1645764	0.0	1725	plus
NC_000913.2_Escherichia_coli_str._K-12_substr._MG1655,_complete_genome_1330000:1331000	ASM2222v1_CP001368.1	97.800	1000	22	0	1	1000	1798674	1799673	0.0	1725	plus
NC_000913.2_Escherichia_coli_str._K-12_substr._MG1655,_complete_genome_1330000:1331000	ASM17195v1_ABHQ01000028.1	97.800	1000	22	0	1	1000	51018	52017	0.0	1725	plus
NC_000913.2_Escherichia_coli_str._K-12_substr._MG1655,_complete_genome_1330000:1331000	ASM15512v1_CM000662.1	97.800	1000	22	0	1	1000	4969487	4968488	0.0	1725	minus
