NC_000913.2_Escherichia_coli_str._K-12_substr._MG1655,_complete_genome_2945000:2946000	SRR10358491_NODE_3_length_265729_cov_14.094081	100.000	1000	0	0	1	1000	216221	217220	0.0	1847	plus
NC_000913.2_Escherichia_coli_str._K-12_substr._MG1655,_complete_genome_2945000:2946000	SRR10358489_NODE_4_length_265730_cov_16.911326	100.000	1000	0	0	1	1000	216222	217221	0.0	1847	plus
NC_000913.2_Escherichia_coli_str._K-12_substr._MG1655,_complete_genome_2945000:2946000	SRR10358488_NODE_3_length_265730_cov_20.485303	100.000	1000	0	0	1	1000	49509	48510	0.0	1847	minus
NC_000913.2_Escherichia_coli_str._K-12_substr._MG1655,_complete_genome_2945000:2946000	SRR10358487_NODE_3_length_265730_cov_13.011318	100.000	1000	0	0	1	1000	49509	48510	0.0	1847	minus
NC_000913.2_Escherichia_coli_str._K-12_substr._MG1655,_complete_genome_2945000:2946000	SRR10358486_NODE_4_length_265730_cov_24.677873	100.000	1000	0	0	1	1000	216222	217221	0.0	1847	plus
NC_000913.2_Escherichia_coli_str._K-12_substr._MG1655,_complete_genome_2945000:2946000	SRR10358485_NODE_3_length_265727_cov_18.045960	100.000	1000	0	0	1	1000	216222	217221	0.0	1847	plus
NC_000913.2_Escherichia_coli_str._K-12_substr._MG1655,_complete_genome_2945000:2946000	ASM886v1_BA000007.2	99.400	1000	6	0	1	1000	3669379	3670378	0.0	1814	plus
NC_000913.2_Escherichia_coli_str._K-12_substr._MG1655,_complete_genome_2945000:2946000	ASM666v1_AE005174.2	99.400	1000	6	0	1	1000	3736677	3737676	0.0	1814	plus
NC_000913.2_Escherichia_coli_str._K-12_substr._MG1655,_complete_genome_2945000:2946000	ASM2222v1_CP001368.1	99.400	1000	6	0	1	1000	3728502	3729501	0.0	1814	plus
NC_000913.2_Escherichia_coli_str._K-12_substr._MG1655,_complete_genome_2945000:2946000	ASM17195v1_ABHQ01000001.1	99.400	1000	6	0	1	1000	417701	418700	0.0	1814	plus
NC_000913.2_Escherichia_coli_str._K-12_substr._MG1655,_complete_genome_2945000:2946000	ASM15512v1_CM000662.1	99.400	1000	6	0	1	1000	3103111	3102112	0.0	1814	minus
NC_000913.2_Escherichia_coli_str._K-12_substr._MG1655,_complete_genome_2945000:2946000	ASM2516v1_CP001846.1	99.300	1000	7	0	1	1000	3507455	3508454	0.0	1808	plus
