NC_000913.2_Escherichia_coli_str._K-12_substr._MG1655,_complete_genome_2300000:2301000	SRR10358489_NODE_42_length_14713_cov_16.904703	100.000	1000	0	0	1	1000	11993	12992	0.0	1847	plus
NC_000913.2_Escherichia_coli_str._K-12_substr._MG1655,_complete_genome_2300000:2301000	SRR10358487_NODE_45_length_14713_cov_12.566571	100.000	1000	0	0	1	1000	11993	12992	0.0	1847	plus
NC_000913.2_Escherichia_coli_str._K-12_substr._MG1655,_complete_genome_2300000:2301000	SRR10358486_NODE_5_length_224417_cov_23.200682	100.000	1000	0	0	1	1000	11993	12992	0.0	1847	plus
NC_000913.2_Escherichia_coli_str._K-12_substr._MG1655,_complete_genome_2300000:2301000	SRR10358491_NODE_4_length_224192_cov_11.038949	99.900	1000	1	0	1	1000	212200	211201	0.0	1842	minus
NC_000913.2_Escherichia_coli_str._K-12_substr._MG1655,_complete_genome_2300000:2301000	SRR10358488_NODE_46_length_14713_cov_18.481078	99.900	1000	1	0	1	1000	11993	12992	0.0	1842	plus
NC_000913.2_Escherichia_coli_str._K-12_substr._MG1655,_complete_genome_2300000:2301000	SRR10358485_NODE_7_length_196189_cov_15.353786	99.900	1000	1	0	1	1000	184197	183198	0.0	1842	minus
NC_000913.2_Escherichia_coli_str._K-12_substr._MG1655,_complete_genome_2300000:2301000	ASM886v1_BA000007.2	99.100	1000	9	0	1	1000	3035532	3036531	0.0	1797	plus
NC_000913.2_Escherichia_coli_str._K-12_substr._MG1655,_complete_genome_2300000:2301000	ASM2516v1_CP001846.1	99.100	1000	9	0	1	1000	2776287	2777286	0.0	1797	plus
NC_000913.2_Escherichia_coli_str._K-12_substr._MG1655,_complete_genome_2300000:2301000	ASM2222v1_CP001368.1	99.100	1000	9	0	1	1000	3031765	3032764	0.0	1797	plus
NC_000913.2_Escherichia_coli_str._K-12_substr._MG1655,_complete_genome_2300000:2301000	ASM17195v1_ABHQ01000004.1	99.100	1000	9	0	1	1000	77268	78267	0.0	1797	plus
NC_000913.2_Escherichia_coli_str._K-12_substr._MG1655,_complete_genome_2300000:2301000	ASM15512v1_CM000662.1	99.100	1000	9	0	1	1000	3797897	3796898	0.0	1797	minus
NC_000913.2_Escherichia_coli_str._K-12_substr._MG1655,_complete_genome_2300000:2301000	ASM666v1_AE005174.2	99.000	1000	10	0	1	1000	3106801	3107800	0.0	1794	plus
