NC_000913.2_Escherichia_coli_str._K-12_substr._MG1655,_complete_genome_3100000:3101000	SRR10358491_NODE_13_length_132705_cov_14.750735	100.000	1000	0	0	1	1000	104415	105414	0.0	1847	plus
NC_000913.2_Escherichia_coli_str._K-12_substr._MG1655,_complete_genome_3100000:3101000	SRR10358489_NODE_13_length_132705_cov_17.822784	100.000	1000	0	0	1	1000	28291	27292	0.0	1847	minus
NC_000913.2_Escherichia_coli_str._K-12_substr._MG1655,_complete_genome_3100000:3101000	SRR10358487_NODE_11_length_132705_cov_13.267216	100.000	1000	0	0	1	1000	28291	27292	0.0	1847	minus
NC_000913.2_Escherichia_coli_str._K-12_substr._MG1655,_complete_genome_3100000:3101000	SRR10358486_NODE_14_length_116578_cov_22.471271	100.000	1000	0	0	1	1000	88288	89287	0.0	1847	plus
NC_000913.2_Escherichia_coli_str._K-12_substr._MG1655,_complete_genome_3100000:3101000	SRR10358485_NODE_13_length_132704_cov_17.210240	100.000	1000	0	0	1	1000	28291	27292	0.0	1847	minus
NC_000913.2_Escherichia_coli_str._K-12_substr._MG1655,_complete_genome_3100000:3101000	SRR10358488_NODE_13_length_132705_cov_20.492306	99.900	1000	1	0	1	1000	28291	27292	0.0	1842	minus
NC_000913.2_Escherichia_coli_str._K-12_substr._MG1655,_complete_genome_3100000:3101000	ASM886v1_BA000007.2	99.500	1000	5	0	1	1000	3843573	3844572	0.0	1820	plus
NC_000913.2_Escherichia_coli_str._K-12_substr._MG1655,_complete_genome_3100000:3101000	ASM666v1_AE005174.2	99.500	1000	5	0	1	1000	3910885	3911884	0.0	1820	plus
NC_000913.2_Escherichia_coli_str._K-12_substr._MG1655,_complete_genome_3100000:3101000	ASM2516v1_CP001846.1	99.500	1000	5	0	1	1000	3667486	3668485	0.0	1820	plus
NC_000913.2_Escherichia_coli_str._K-12_substr._MG1655,_complete_genome_3100000:3101000	ASM2222v1_CP001368.1	99.500	1000	5	0	1	1000	3902696	3903695	0.0	1820	plus
NC_000913.2_Escherichia_coli_str._K-12_substr._MG1655,_complete_genome_3100000:3101000	ASM17195v1_ABHQ01000011.1	99.500	1000	5	0	1	1000	50543	51542	0.0	1820	plus
NC_000913.2_Escherichia_coli_str._K-12_substr._MG1655,_complete_genome_3100000:3101000	ASM15512v1_CM000662.1	99.500	1000	5	0	1	1000	2928916	2927917	0.0	1820	minus
