NC_000913.2_Escherichia_coli_str._K-12_substr._MG1655,_complete_genome_3290000:3291000	SRR10358491_NODE_9_length_178399_cov_16.549290	100.000	1000	0	0	1	1000	104680	105679	0.0	1847	plus
NC_000913.2_Escherichia_coli_str._K-12_substr._MG1655,_complete_genome_3290000:3291000	SRR10358489_NODE_8_length_178400_cov_17.052077	100.000	1000	0	0	1	1000	73721	72722	0.0	1847	minus
NC_000913.2_Escherichia_coli_str._K-12_substr._MG1655,_complete_genome_3290000:3291000	SRR10358487_NODE_16_length_98660_cov_13.417484	100.000	1000	0	0	1	1000	24957	25956	0.0	1847	plus
NC_000913.2_Escherichia_coli_str._K-12_substr._MG1655,_complete_genome_3290000:3291000	SRR10358486_NODE_9_length_178400_cov_23.318584	100.000	1000	0	0	1	1000	73721	72722	0.0	1847	minus
NC_000913.2_Escherichia_coli_str._K-12_substr._MG1655,_complete_genome_3290000:3291000	SRR10358485_NODE_10_length_178399_cov_18.076540	100.000	1000	0	0	1	1000	104680	105679	0.0	1847	plus
NC_000913.2_Escherichia_coli_str._K-12_substr._MG1655,_complete_genome_3290000:3291000	SRR10358488_NODE_8_length_178400_cov_20.036747	99.900	1000	1	0	1	1000	104680	105679	0.0	1842	plus
NC_000913.2_Escherichia_coli_str._K-12_substr._MG1655,_complete_genome_3290000:3291000	ASM2516v1_CP001846.1	99.500	1000	5	0	1	1000	3923162	3924161	0.0	1820	plus
NC_000913.2_Escherichia_coli_str._K-12_substr._MG1655,_complete_genome_3290000:3291000	ASM886v1_BA000007.2	99.481	964	5	0	37	1000	4034513	4035476	0.0	1753	plus
NC_000913.2_Escherichia_coli_str._K-12_substr._MG1655,_complete_genome_3290000:3291000	ASM666v1_AE005174.2	99.481	964	5	0	37	1000	4101729	4102692	0.0	1753	plus
NC_000913.2_Escherichia_coli_str._K-12_substr._MG1655,_complete_genome_3290000:3291000	ASM15512v1_CM000662.1	99.481	964	5	0	37	1000	2737976	2737013	0.0	1753	minus
NC_000913.2_Escherichia_coli_str._K-12_substr._MG1655,_complete_genome_3290000:3291000	ASM2222v1_CP001368.1	99.477	956	5	0	45	1000	4092329	4093284	0.0	1738	plus
NC_000913.2_Escherichia_coli_str._K-12_substr._MG1655,_complete_genome_3290000:3291000	ASM17195v1_ABHQ01000008.1	99.477	956	5	0	45	1000	82894	83849	0.0	1738	plus
