NC_000913.2_Escherichia_coli_str._K-12_substr._MG1655,_complete_genome_2240000:2241000	SRR10358491_NODE_15_length_117743_cov_10.087871	100.000	1000	0	0	1	1000	70676	71675	0.0	1847	plus
NC_000913.2_Escherichia_coli_str._K-12_substr._MG1655,_complete_genome_2240000:2241000	SRR10358489_NODE_15_length_117743_cov_16.552960	100.000	1000	0	0	1	1000	47067	46068	0.0	1847	minus
NC_000913.2_Escherichia_coli_str._K-12_substr._MG1655,_complete_genome_2240000:2241000	SRR10358488_NODE_15_length_117743_cov_17.253324	100.000	1000	0	0	1	1000	70677	71676	0.0	1847	plus
NC_000913.2_Escherichia_coli_str._K-12_substr._MG1655,_complete_genome_2240000:2241000	SRR10358487_NODE_14_length_117761_cov_12.682184	100.000	1000	0	0	1	1000	47085	46086	0.0	1847	minus
NC_000913.2_Escherichia_coli_str._K-12_substr._MG1655,_complete_genome_2240000:2241000	SRR10358486_NODE_13_length_117744_cov_23.558032	100.000	1000	0	0	1	1000	70677	71676	0.0	1847	plus
NC_000913.2_Escherichia_coli_str._K-12_substr._MG1655,_complete_genome_2240000:2241000	SRR10358485_NODE_15_length_117742_cov_14.240182	100.000	1000	0	0	1	1000	47067	46068	0.0	1847	minus
NC_000913.2_Escherichia_coli_str._K-12_substr._MG1655,_complete_genome_2240000:2241000	ASM2222v1_CP001368.1	97.300	1000	27	0	1	1000	2973205	2974204	0.0	1698	plus
NC_000913.2_Escherichia_coli_str._K-12_substr._MG1655,_complete_genome_2240000:2241000	ASM17195v1_ABHQ01000004.1	97.300	1000	27	0	1	1000	18708	19707	0.0	1698	plus
NC_000913.2_Escherichia_coli_str._K-12_substr._MG1655,_complete_genome_2240000:2241000	ASM886v1_BA000007.2	97.200	1000	28	0	1	1000	2976972	2977971	0.0	1692	plus
NC_000913.2_Escherichia_coli_str._K-12_substr._MG1655,_complete_genome_2240000:2241000	ASM666v1_AE005174.2	97.200	1000	28	0	1	1000	3048240	3049239	0.0	1692	plus
NC_000913.2_Escherichia_coli_str._K-12_substr._MG1655,_complete_genome_2240000:2241000	ASM2516v1_CP001846.1	97.200	1000	28	0	1	1000	2717727	2718726	0.0	1692	plus
NC_000913.2_Escherichia_coli_str._K-12_substr._MG1655,_complete_genome_2240000:2241000	ASM15512v1_CM000662.1	97.200	1000	28	0	1	1000	3856455	3855456	0.0	1692	minus
