NC_000913.2_Escherichia_coli_str._K-12_substr._MG1655,_complete_genome_4245000:4246000	SRR10358491_NODE_20_length_83038_cov_18.563689	100.000	1000	0	0	1	1000	34055	35054	0.0	1847	plus
NC_000913.2_Escherichia_coli_str._K-12_substr._MG1655,_complete_genome_4245000:4246000	SRR10358489_NODE_19_length_83038_cov_17.057845	100.000	1000	0	0	1	1000	48984	47985	0.0	1847	minus
NC_000913.2_Escherichia_coli_str._K-12_substr._MG1655,_complete_genome_4245000:4246000	SRR10358488_NODE_20_length_83038_cov_20.547117	100.000	1000	0	0	1	1000	48984	47985	0.0	1847	minus
NC_000913.2_Escherichia_coli_str._K-12_substr._MG1655,_complete_genome_4245000:4246000	SRR10358487_NODE_2_length_285698_cov_13.222764	100.000	1000	0	0	1	1000	251644	250645	0.0	1847	minus
NC_000913.2_Escherichia_coli_str._K-12_substr._MG1655,_complete_genome_4245000:4246000	SRR10358486_NODE_18_length_83038_cov_23.249219	100.000	1000	0	0	1	1000	48984	47985	0.0	1847	minus
NC_000913.2_Escherichia_coli_str._K-12_substr._MG1655,_complete_genome_4245000:4246000	SRR10358485_NODE_20_length_83036_cov_18.921649	100.000	1000	0	0	1	1000	48984	47985	0.0	1847	minus
NC_000913.2_Escherichia_coli_str._K-12_substr._MG1655,_complete_genome_4245000:4246000	ASM886v1_BA000007.2	99.500	1000	5	0	1	1000	5100252	5101251	0.0	1820	plus
NC_000913.2_Escherichia_coli_str._K-12_substr._MG1655,_complete_genome_4245000:4246000	ASM666v1_AE005174.2	99.500	1000	5	0	1	1000	5130238	5131237	0.0	1820	plus
NC_000913.2_Escherichia_coli_str._K-12_substr._MG1655,_complete_genome_4245000:4246000	ASM2516v1_CP001846.1	99.500	1000	5	0	1	1000	4949129	4950128	0.0	1820	plus
NC_000913.2_Escherichia_coli_str._K-12_substr._MG1655,_complete_genome_4245000:4246000	ASM2222v1_CP001368.1	99.500	1000	5	0	1	1000	5120666	5121665	0.0	1820	plus
NC_000913.2_Escherichia_coli_str._K-12_substr._MG1655,_complete_genome_4245000:4246000	ASM17195v1_ABHQ01000005.1	99.500	1000	5	0	1	1000	76167	77166	0.0	1820	plus
NC_000913.2_Escherichia_coli_str._K-12_substr._MG1655,_complete_genome_4245000:4246000	ASM15512v1_CM000662.1	99.500	1000	5	0	1	1000	1698148	1697149	0.0	1820	minus
