NC_000913.2_Escherichia_coli_str._K-12_substr._MG1655,_complete_genome_3605000:3606000	SRR10358491_NODE_34_length_35327_cov_16.022188	100.000	1000	0	0	1	1000	22906	23905	0.0	1847	plus
NC_000913.2_Escherichia_coli_str._K-12_substr._MG1655,_complete_genome_3605000:3606000	SRR10358489_NODE_32_length_35465_cov_15.307573	100.000	1000	0	0	1	1000	12560	11561	0.0	1847	minus
NC_000913.2_Escherichia_coli_str._K-12_substr._MG1655,_complete_genome_3605000:3606000	SRR10358488_NODE_34_length_35327_cov_18.877017	100.000	1000	0	0	1	1000	22906	23905	0.0	1847	plus
NC_000913.2_Escherichia_coli_str._K-12_substr._MG1655,_complete_genome_3605000:3606000	SRR10358487_NODE_35_length_35327_cov_11.689403	100.000	1000	0	0	1	1000	12422	11423	0.0	1847	minus
NC_000913.2_Escherichia_coli_str._K-12_substr._MG1655,_complete_genome_3605000:3606000	SRR10358486_NODE_34_length_35327_cov_20.169716	100.000	1000	0	0	1	1000	22906	23905	0.0	1847	plus
NC_000913.2_Escherichia_coli_str._K-12_substr._MG1655,_complete_genome_3605000:3606000	SRR10358485_NODE_4_length_239298_cov_15.881290	100.000	1000	0	0	1	1000	12560	11561	0.0	1847	minus
NC_000913.2_Escherichia_coli_str._K-12_substr._MG1655,_complete_genome_3605000:3606000	ASM886v1_BA000007.2	97.900	1000	21	0	1	1000	4326225	4327224	0.0	1731	plus
NC_000913.2_Escherichia_coli_str._K-12_substr._MG1655,_complete_genome_3605000:3606000	ASM666v1_AE005174.2	97.900	1000	21	0	1	1000	4393449	4394448	0.0	1731	plus
NC_000913.2_Escherichia_coli_str._K-12_substr._MG1655,_complete_genome_3605000:3606000	ASM2222v1_CP001368.1	97.900	1000	21	0	1	1000	4385346	4386345	0.0	1731	plus
NC_000913.2_Escherichia_coli_str._K-12_substr._MG1655,_complete_genome_3605000:3606000	ASM17195v1_ABHQ01000003.1	97.900	1000	21	0	1	1000	129619	130618	0.0	1731	plus
NC_000913.2_Escherichia_coli_str._K-12_substr._MG1655,_complete_genome_3605000:3606000	ASM15512v1_CM000662.1	97.900	1000	21	0	1	1000	2446270	2445271	0.0	1731	minus
NC_000913.2_Escherichia_coli_str._K-12_substr._MG1655,_complete_genome_3605000:3606000	ASM2516v1_CP001846.1	97.500	1000	25	0	1	1000	4214819	4215818	0.0	1709	plus
