NC_000913.2_Escherichia_coli_str._K-12_substr._MG1655,_complete_genome_4535000:4536000	SRR10358491_NODE_18_length_94618_cov_17.406716	100.000	1000	0	0	1	1000	66193	65194	0.0	1847	minus
NC_000913.2_Escherichia_coli_str._K-12_substr._MG1655,_complete_genome_4535000:4536000	SRR10358489_NODE_11_length_148613_cov_17.336321	100.000	1000	0	0	1	1000	28426	29425	0.0	1847	plus
NC_000913.2_Escherichia_coli_str._K-12_substr._MG1655,_complete_genome_4535000:4536000	SRR10358488_NODE_18_length_94618_cov_19.550814	100.000	1000	0	0	1	1000	28426	29425	0.0	1847	plus
NC_000913.2_Escherichia_coli_str._K-12_substr._MG1655,_complete_genome_4535000:4536000	SRR10358487_NODE_18_length_94618_cov_13.533247	100.000	1000	0	0	1	1000	28426	29425	0.0	1847	plus
NC_000913.2_Escherichia_coli_str._K-12_substr._MG1655,_complete_genome_4535000:4536000	SRR10358486_NODE_16_length_94618_cov_24.002053	100.000	1000	0	0	1	1000	66193	65194	0.0	1847	minus
NC_000913.2_Escherichia_coli_str._K-12_substr._MG1655,_complete_genome_4535000:4536000	SRR10358485_NODE_18_length_94618_cov_20.986337	100.000	1000	0	0	1	1000	66193	65194	0.0	1847	minus
NC_000913.2_Escherichia_coli_str._K-12_substr._MG1655,_complete_genome_4535000:4536000	ASM886v1_BA000007.2	98.700	1000	13	0	1	1000	5391886	5392885	0.0	1775	plus
NC_000913.2_Escherichia_coli_str._K-12_substr._MG1655,_complete_genome_4535000:4536000	ASM666v1_AE005174.2	98.700	1000	13	0	1	1000	5421889	5422888	0.0	1775	plus
NC_000913.2_Escherichia_coli_str._K-12_substr._MG1655,_complete_genome_4535000:4536000	ASM2516v1_CP001846.1	98.700	1000	13	0	1	1000	5230151	5231150	0.0	1775	plus
NC_000913.2_Escherichia_coli_str._K-12_substr._MG1655,_complete_genome_4535000:4536000	ASM2222v1_CP001368.1	98.700	1000	13	0	1	1000	5421595	5422594	0.0	1775	plus
NC_000913.2_Escherichia_coli_str._K-12_substr._MG1655,_complete_genome_4535000:4536000	ASM17195v1_ABHQ01000017.1	98.700	1000	13	0	1	1000	102919	103918	0.0	1775	plus
NC_000913.2_Escherichia_coli_str._K-12_substr._MG1655,_complete_genome_4535000:4536000	ASM15512v1_CM000662.1	98.700	1000	13	0	1	1000	1406606	1405607	0.0	1775	minus
