NC_000913.2_Escherichia_coli_str._K-12_substr._MG1655,_complete_genome_3005000:3006000	SRR10358491_NODE_13_length_132705_cov_14.750735	100.000	1000	0	0	1	1000	9415	10414	0.0	1847	plus
NC_000913.2_Escherichia_coli_str._K-12_substr._MG1655,_complete_genome_3005000:3006000	SRR10358489_NODE_13_length_132705_cov_17.822784	100.000	1000	0	0	1	1000	123291	122292	0.0	1847	minus
NC_000913.2_Escherichia_coli_str._K-12_substr._MG1655,_complete_genome_3005000:3006000	SRR10358488_NODE_13_length_132705_cov_20.492306	100.000	1000	0	0	1	1000	123291	122292	0.0	1847	minus
NC_000913.2_Escherichia_coli_str._K-12_substr._MG1655,_complete_genome_3005000:3006000	SRR10358487_NODE_11_length_132705_cov_13.267216	100.000	1000	0	0	1	1000	123291	122292	0.0	1847	minus
NC_000913.2_Escherichia_coli_str._K-12_substr._MG1655,_complete_genome_3005000:3006000	SRR10358486_NODE_45_length_16383_cov_23.688300	100.000	1000	0	0	1	1000	6970	5971	0.0	1847	minus
NC_000913.2_Escherichia_coli_str._K-12_substr._MG1655,_complete_genome_3005000:3006000	SRR10358485_NODE_13_length_132704_cov_17.210240	100.000	1000	0	0	1	1000	123290	122291	0.0	1847	minus
NC_000913.2_Escherichia_coli_str._K-12_substr._MG1655,_complete_genome_3005000:3006000	ASM886v1_BA000007.2	98.400	1000	16	0	1	1000	3745310	3746309	0.0	1759	plus
NC_000913.2_Escherichia_coli_str._K-12_substr._MG1655,_complete_genome_3005000:3006000	ASM666v1_AE005174.2	98.400	1000	16	0	1	1000	3812616	3813615	0.0	1759	plus
NC_000913.2_Escherichia_coli_str._K-12_substr._MG1655,_complete_genome_3005000:3006000	ASM2516v1_CP001846.1	98.400	1000	16	0	1	1000	3569314	3570313	0.0	1759	plus
NC_000913.2_Escherichia_coli_str._K-12_substr._MG1655,_complete_genome_3005000:3006000	ASM2222v1_CP001368.1	98.400	1000	16	0	1	1000	3804433	3805432	0.0	1759	plus
NC_000913.2_Escherichia_coli_str._K-12_substr._MG1655,_complete_genome_3005000:3006000	ASM17195v1_ABHQ01000001.1	98.400	1000	16	0	1	1000	493631	494630	0.0	1759	plus
NC_000913.2_Escherichia_coli_str._K-12_substr._MG1655,_complete_genome_3005000:3006000	ASM15512v1_CM000662.1	98.400	1000	16	0	1	1000	3027181	3026182	0.0	1759	minus
