NC_000913.2_Escherichia_coli_str._K-12_substr._MG1655,_complete_genome_2600000:2601000	SRR10358491_NODE_5_length_210722_cov_11.226102	100.000	1000	0	0	1	1000	86488	87487	0.0	1847	plus
NC_000913.2_Escherichia_coli_str._K-12_substr._MG1655,_complete_genome_2600000:2601000	SRR10358489_NODE_5_length_210722_cov_16.906422	100.000	1000	0	0	1	1000	86488	87487	0.0	1847	plus
NC_000913.2_Escherichia_coli_str._K-12_substr._MG1655,_complete_genome_2600000:2601000	SRR10358487_NODE_5_length_210723_cov_12.686608	100.000	1000	0	0	1	1000	124235	123236	0.0	1847	minus
NC_000913.2_Escherichia_coli_str._K-12_substr._MG1655,_complete_genome_2600000:2601000	SRR10358486_NODE_6_length_210723_cov_21.594005	100.000	1000	0	0	1	1000	124235	123236	0.0	1847	minus
NC_000913.2_Escherichia_coli_str._K-12_substr._MG1655,_complete_genome_2600000:2601000	SRR10358485_NODE_6_length_210724_cov_13.704744	100.000	1000	0	0	1	1000	86490	87489	0.0	1847	plus
NC_000913.2_Escherichia_coli_str._K-12_substr._MG1655,_complete_genome_2600000:2601000	SRR10358488_NODE_4_length_210723_cov_18.722716	99.900	1000	1	0	1	1000	86489	87488	0.0	1842	plus
NC_000913.2_Escherichia_coli_str._K-12_substr._MG1655,_complete_genome_2600000:2601000	ASM2516v1_CP001846.1	98.500	1000	15	0	1	1000	3059145	3060144	0.0	1764	plus
NC_000913.2_Escherichia_coli_str._K-12_substr._MG1655,_complete_genome_2600000:2601000	ASM886v1_BA000007.2	98.400	1000	16	0	1	1000	3318074	3319073	0.0	1759	plus
NC_000913.2_Escherichia_coli_str._K-12_substr._MG1655,_complete_genome_2600000:2601000	ASM2222v1_CP001368.1	98.400	1000	16	0	1	1000	3377062	3378061	0.0	1759	plus
NC_000913.2_Escherichia_coli_str._K-12_substr._MG1655,_complete_genome_2600000:2601000	ASM17195v1_ABHQ01000001.1	98.400	1000	16	0	1	1000	66266	67265	0.0	1759	plus
NC_000913.2_Escherichia_coli_str._K-12_substr._MG1655,_complete_genome_2600000:2601000	ASM15512v1_CM000662.1	98.400	1000	16	0	1	1000	3454186	3453187	0.0	1759	minus
NC_000913.2_Escherichia_coli_str._K-12_substr._MG1655,_complete_genome_2600000:2601000	ASM666v1_AE005174.2	98.100	1000	19	0	1	1000	3387908	3388907	0.0	1748	plus
