NC_000913.2_Escherichia_coli_str._K-12_substr._MG1655,_complete_genome_4045000:4046000	SRR10358491_NODE_14_length_125911_cov_19.123243	100.000	1000	0	0	1	1000	6464	7463	0.0	1847	plus
NC_000913.2_Escherichia_coli_str._K-12_substr._MG1655,_complete_genome_4045000:4046000	SRR10358489_NODE_14_length_125911_cov_17.665220	100.000	1000	0	0	1	1000	6464	7463	0.0	1847	plus
NC_000913.2_Escherichia_coli_str._K-12_substr._MG1655,_complete_genome_4045000:4046000	SRR10358488_NODE_14_length_125911_cov_21.567998	100.000	1000	0	0	1	1000	6464	7463	0.0	1847	plus
NC_000913.2_Escherichia_coli_str._K-12_substr._MG1655,_complete_genome_4045000:4046000	SRR10358487_NODE_12_length_125911_cov_13.168662	100.000	1000	0	0	1	1000	6464	7463	0.0	1847	plus
NC_000913.2_Escherichia_coli_str._K-12_substr._MG1655,_complete_genome_4045000:4046000	SRR10358486_NODE_12_length_125911_cov_22.441829	100.000	1000	0	0	1	1000	6464	7463	0.0	1847	plus
NC_000913.2_Escherichia_coli_str._K-12_substr._MG1655,_complete_genome_4045000:4046000	SRR10358485_NODE_14_length_126056_cov_18.097674	100.000	1000	0	0	1	1000	6464	7463	0.0	1847	plus
NC_000913.2_Escherichia_coli_str._K-12_substr._MG1655,_complete_genome_4045000:4046000	ASM886v1_BA000007.2	99.700	1000	3	0	1	1000	4842930	4843929	0.0	1831	plus
NC_000913.2_Escherichia_coli_str._K-12_substr._MG1655,_complete_genome_4045000:4046000	ASM666v1_AE005174.2	99.700	1000	3	0	1	1000	4911694	4912693	0.0	1831	plus
NC_000913.2_Escherichia_coli_str._K-12_substr._MG1655,_complete_genome_4045000:4046000	ASM2516v1_CP001846.1	99.700	1000	3	0	1	1000	4730202	4731201	0.0	1831	plus
NC_000913.2_Escherichia_coli_str._K-12_substr._MG1655,_complete_genome_4045000:4046000	ASM2222v1_CP001368.1	99.700	1000	3	0	1	1000	4902105	4903104	0.0	1831	plus
NC_000913.2_Escherichia_coli_str._K-12_substr._MG1655,_complete_genome_4045000:4046000	ASM17195v1_ABHQ01000006.1	99.700	1000	3	0	1	1000	125047	126046	0.0	1831	plus
NC_000913.2_Escherichia_coli_str._K-12_substr._MG1655,_complete_genome_4045000:4046000	ASM15512v1_CM000662.1	99.700	1000	3	0	1	1000	1916713	1915714	0.0	1831	minus
