NC_000913.2_Escherichia_coli_str._K-12_substr._MG1655,_complete_genome_3680000:3681000	SRR10358491_NODE_17_length_95317_cov_19.885124	100.000	1000	0	0	1	1000	14768	15767	0.0	1847	plus
NC_000913.2_Escherichia_coli_str._K-12_substr._MG1655,_complete_genome_3680000:3681000	SRR10358489_NODE_17_length_95180_cov_16.964872	100.000	1000	0	0	1	1000	80413	79414	0.0	1847	minus
NC_000913.2_Escherichia_coli_str._K-12_substr._MG1655,_complete_genome_3680000:3681000	SRR10358488_NODE_17_length_95318_cov_20.159626	100.000	1000	0	0	1	1000	14768	15767	0.0	1847	plus
NC_000913.2_Escherichia_coli_str._K-12_substr._MG1655,_complete_genome_3680000:3681000	SRR10358487_NODE_17_length_95318_cov_12.563919	100.000	1000	0	0	1	1000	80551	79552	0.0	1847	minus
NC_000913.2_Escherichia_coli_str._K-12_substr._MG1655,_complete_genome_3680000:3681000	SRR10358486_NODE_27_length_53549_cov_21.722025	100.000	1000	0	0	1	1000	38782	37783	0.0	1847	minus
NC_000913.2_Escherichia_coli_str._K-12_substr._MG1655,_complete_genome_3680000:3681000	SRR10358485_NODE_17_length_95180_cov_20.049541	100.000	1000	0	0	1	1000	14768	15767	0.0	1847	plus
NC_000913.2_Escherichia_coli_str._K-12_substr._MG1655,_complete_genome_3680000:3681000	ASM2516v1_CP001846.1	100.000	1000	0	0	1	1000	4312708	4313707	0.0	1847	plus
NC_000913.2_Escherichia_coli_str._K-12_substr._MG1655,_complete_genome_3680000:3681000	ASM886v1_BA000007.2	99.900	1000	1	0	1	1000	4424116	4425115	0.0	1842	plus
NC_000913.2_Escherichia_coli_str._K-12_substr._MG1655,_complete_genome_3680000:3681000	ASM666v1_AE005174.2	99.900	1000	1	0	1	1000	4491343	4492342	0.0	1842	plus
NC_000913.2_Escherichia_coli_str._K-12_substr._MG1655,_complete_genome_3680000:3681000	ASM2222v1_CP001368.1	99.900	1000	1	0	1	1000	4483234	4484233	0.0	1842	plus
NC_000913.2_Escherichia_coli_str._K-12_substr._MG1655,_complete_genome_3680000:3681000	ASM17195v1_ABHQ01000003.1	99.900	1000	1	0	1	1000	227507	228506	0.0	1842	plus
NC_000913.2_Escherichia_coli_str._K-12_substr._MG1655,_complete_genome_3680000:3681000	ASM15512v1_CM000662.1	99.900	1000	1	0	1	1000	2348382	2347383	0.0	1842	minus
