NC_000913.2_Escherichia_coli_str._K-12_substr._MG1655,_complete_genome_4215000:4216000	SRR10358491_NODE_20_length_83038_cov_18.563689	100.000	1000	0	0	1	1000	4055	5054	0.0	1847	plus
NC_000913.2_Escherichia_coli_str._K-12_substr._MG1655,_complete_genome_4215000:4216000	SRR10358489_NODE_19_length_83038_cov_17.057845	100.000	1000	0	0	1	1000	78984	77985	0.0	1847	minus
NC_000913.2_Escherichia_coli_str._K-12_substr._MG1655,_complete_genome_4215000:4216000	SRR10358488_NODE_20_length_83038_cov_20.547117	100.000	1000	0	0	1	1000	78984	77985	0.0	1847	minus
NC_000913.2_Escherichia_coli_str._K-12_substr._MG1655,_complete_genome_4215000:4216000	SRR10358487_NODE_2_length_285698_cov_13.222764	100.000	1000	0	0	1	1000	281644	280645	0.0	1847	minus
NC_000913.2_Escherichia_coli_str._K-12_substr._MG1655,_complete_genome_4215000:4216000	SRR10358486_NODE_18_length_83038_cov_23.249219	100.000	1000	0	0	1	1000	78984	77985	0.0	1847	minus
NC_000913.2_Escherichia_coli_str._K-12_substr._MG1655,_complete_genome_4215000:4216000	SRR10358485_NODE_20_length_83036_cov_18.921649	100.000	1000	0	0	1	1000	78982	77983	0.0	1847	minus
NC_000913.2_Escherichia_coli_str._K-12_substr._MG1655,_complete_genome_4215000:4216000	ASM886v1_BA000007.2	98.600	1000	14	0	1	1000	5025378	5026377	0.0	1770	plus
NC_000913.2_Escherichia_coli_str._K-12_substr._MG1655,_complete_genome_4215000:4216000	ASM2222v1_CP001368.1	98.600	1000	14	0	1	1000	5084551	5085550	0.0	1770	plus
NC_000913.2_Escherichia_coli_str._K-12_substr._MG1655,_complete_genome_4215000:4216000	ASM17195v1_ABHQ01000005.1	98.600	1000	14	0	1	1000	40052	41051	0.0	1770	plus
NC_000913.2_Escherichia_coli_str._K-12_substr._MG1655,_complete_genome_4215000:4216000	ASM15512v1_CM000662.1	98.600	1000	14	0	1	1000	1734263	1733264	0.0	1770	minus
NC_000913.2_Escherichia_coli_str._K-12_substr._MG1655,_complete_genome_4215000:4216000	ASM666v1_AE005174.2	98.500	1000	15	0	1	1000	5094122	5095121	0.0	1766	plus
NC_000913.2_Escherichia_coli_str._K-12_substr._MG1655,_complete_genome_4215000:4216000	ASM2516v1_CP001846.1	97.624	1010	14	1	1	1000	4913006	4914015	0.0	1724	plus
