NC_000913.2_Escherichia_coli_str._K-12_substr._MG1655,_complete_genome_4180000:4181000	SRR10358491_NODE_38_length_30987_cov_17.208717	100.000	1000	0	0	1	1000	4996	5995	0.0	1847	plus
NC_000913.2_Escherichia_coli_str._K-12_substr._MG1655,_complete_genome_4180000:4181000	SRR10358489_NODE_36_length_30987_cov_18.156870	100.000	1000	0	0	1	1000	25992	24993	0.0	1847	minus
NC_000913.2_Escherichia_coli_str._K-12_substr._MG1655,_complete_genome_4180000:4181000	SRR10358488_NODE_37_length_30987_cov_21.241154	100.000	1000	0	0	1	1000	4996	5995	0.0	1847	plus
NC_000913.2_Escherichia_coli_str._K-12_substr._MG1655,_complete_genome_4180000:4181000	SRR10358487_NODE_39_length_30987_cov_13.468146	100.000	1000	0	0	1	1000	25992	24993	0.0	1847	minus
NC_000913.2_Escherichia_coli_str._K-12_substr._MG1655,_complete_genome_4180000:4181000	SRR10358486_NODE_38_length_30987_cov_20.985677	100.000	1000	0	0	1	1000	4996	5995	0.0	1847	plus
NC_000913.2_Escherichia_coli_str._K-12_substr._MG1655,_complete_genome_4180000:4181000	SRR10358485_NODE_37_length_30987_cov_16.284057	100.000	1000	0	0	1	1000	25992	24993	0.0	1847	minus
NC_000913.2_Escherichia_coli_str._K-12_substr._MG1655,_complete_genome_4180000:4181000	ASM886v1_BA000007.2	99.300	1000	7	0	1	1000	4990874	4991873	0.0	1808	plus
NC_000913.2_Escherichia_coli_str._K-12_substr._MG1655,_complete_genome_4180000:4181000	ASM666v1_AE005174.2	99.300	1000	7	0	1	1000	5059620	5060619	0.0	1808	plus
NC_000913.2_Escherichia_coli_str._K-12_substr._MG1655,_complete_genome_4180000:4181000	ASM2516v1_CP001846.1	99.300	1000	7	0	1	1000	4878514	4879513	0.0	1808	plus
NC_000913.2_Escherichia_coli_str._K-12_substr._MG1655,_complete_genome_4180000:4181000	ASM2222v1_CP001368.1	99.300	1000	7	0	1	1000	5050047	5051046	0.0	1808	plus
NC_000913.2_Escherichia_coli_str._K-12_substr._MG1655,_complete_genome_4180000:4181000	ASM17195v1_ABHQ01000005.1	99.300	1000	7	0	1	1000	5548	6547	0.0	1808	plus
NC_000913.2_Escherichia_coli_str._K-12_substr._MG1655,_complete_genome_4180000:4181000	ASM15512v1_CM000662.1	99.300	1000	7	0	1	1000	1768769	1767770	0.0	1808	minus
