NC_000913.2_Escherichia_coli_str._K-12_substr._MG1655,_complete_genome_2020000:2021000	SRR10358489_NODE_1_length_414105_cov_16.439444	100.000	1000	0	0	1	1000	44326	43327	0.0	1847	minus
NC_000913.2_Escherichia_coli_str._K-12_substr._MG1655,_complete_genome_2020000:2021000	SRR10358488_NODE_1_length_414105_cov_16.407519	100.000	1000	0	0	1	1000	44326	43327	0.0	1847	minus
NC_000913.2_Escherichia_coli_str._K-12_substr._MG1655,_complete_genome_2020000:2021000	SRR10358487_NODE_1_length_414105_cov_12.682679	100.000	1000	0	0	1	1000	369780	370779	0.0	1847	plus
NC_000913.2_Escherichia_coli_str._K-12_substr._MG1655,_complete_genome_2020000:2021000	SRR10358486_NODE_1_length_414105_cov_23.445681	100.000	1000	0	0	1	1000	369780	370779	0.0	1847	plus
NC_000913.2_Escherichia_coli_str._K-12_substr._MG1655,_complete_genome_2020000:2021000	SRR10358485_NODE_8_length_185826_cov_15.041890	100.000	1000	0	0	1	1000	44326	43327	0.0	1847	minus
NC_000913.2_Escherichia_coli_str._K-12_substr._MG1655,_complete_genome_2020000:2021000	SRR10358491_NODE_7_length_205567_cov_8.951061	99.900	1000	1	0	1	1000	44326	43327	0.0	1842	minus
NC_000913.2_Escherichia_coli_str._K-12_substr._MG1655,_complete_genome_2020000:2021000	ASM886v1_BA000007.2	99.700	1000	3	0	1	1000	2646523	2647522	0.0	1831	plus
NC_000913.2_Escherichia_coli_str._K-12_substr._MG1655,_complete_genome_2020000:2021000	ASM666v1_AE005174.2	99.700	1000	3	0	1	1000	2721736	2722735	0.0	1831	plus
NC_000913.2_Escherichia_coli_str._K-12_substr._MG1655,_complete_genome_2020000:2021000	ASM2516v1_CP001846.1	99.700	1000	3	0	1	1000	2416311	2417310	0.0	1831	plus
NC_000913.2_Escherichia_coli_str._K-12_substr._MG1655,_complete_genome_2020000:2021000	ASM2222v1_CP001368.1	99.700	1000	3	0	1	1000	2553115	2554114	0.0	1831	plus
NC_000913.2_Escherichia_coli_str._K-12_substr._MG1655,_complete_genome_2020000:2021000	ASM17195v1_ABHQ01000023.1	99.700	1000	3	0	1	1000	29659	30658	0.0	1831	plus
NC_000913.2_Escherichia_coli_str._K-12_substr._MG1655,_complete_genome_2020000:2021000	ASM15512v1_CM000662.1	99.700	1000	3	0	1	1000	4186832	4185833	0.0	1831	minus
