NC_000913.2_Escherichia_coli_str._K-12_substr._MG1655,_complete_genome_930000:931000	SRR10358491_NODE_1_length_316522_cov_10.067103	100.000	1000	0	0	1	1000	197269	198268	0.0	1847	plus
NC_000913.2_Escherichia_coli_str._K-12_substr._MG1655,_complete_genome_930000:931000	SRR10358489_NODE_2_length_361112_cov_16.843946	100.000	1000	0	0	1	1000	197519	198518	0.0	1847	plus
NC_000913.2_Escherichia_coli_str._K-12_substr._MG1655,_complete_genome_930000:931000	SRR10358488_NODE_11_length_142450_cov_18.046781	100.000	1000	0	0	1	1000	23197	24196	0.0	1847	plus
NC_000913.2_Escherichia_coli_str._K-12_substr._MG1655,_complete_genome_930000:931000	SRR10358487_NODE_4_length_239915_cov_13.054765	100.000	1000	0	0	1	1000	42652	41653	0.0	1847	minus
NC_000913.2_Escherichia_coli_str._K-12_substr._MG1655,_complete_genome_930000:931000	SRR10358486_NODE_2_length_316163_cov_22.172335	100.000	1000	0	0	1	1000	196998	197997	0.0	1847	plus
NC_000913.2_Escherichia_coli_str._K-12_substr._MG1655,_complete_genome_930000:931000	SRR10358485_NODE_1_length_316175_cov_14.047515	100.000	1000	0	0	1	1000	196998	197997	0.0	1847	plus
NC_000913.2_Escherichia_coli_str._K-12_substr._MG1655,_complete_genome_930000:931000	ASM886v1_BA000007.2	99.200	1000	8	0	1	1000	1061855	1062854	0.0	1803	plus
NC_000913.2_Escherichia_coli_str._K-12_substr._MG1655,_complete_genome_930000:931000	ASM666v1_AE005174.2	99.200	1000	8	0	1	1000	1151078	1152077	0.0	1803	plus
NC_000913.2_Escherichia_coli_str._K-12_substr._MG1655,_complete_genome_930000:931000	ASM2516v1_CP001846.1	99.200	1000	8	0	1	1000	1158867	1159866	0.0	1803	plus
NC_000913.2_Escherichia_coli_str._K-12_substr._MG1655,_complete_genome_930000:931000	ASM2222v1_CP001368.1	99.200	1000	8	0	1	1000	1066804	1067803	0.0	1803	plus
NC_000913.2_Escherichia_coli_str._K-12_substr._MG1655,_complete_genome_930000:931000	ASM17195v1_ABHQ01000029.1	99.200	1000	8	0	1	1000	15668	16667	0.0	1803	plus
NC_000913.2_Escherichia_coli_str._K-12_substr._MG1655,_complete_genome_930000:931000	ASM15512v1_CM000662.1	99.200	1000	8	0	1	1000	189684	188685	0.0	1803	minus
