NC_000913.2_Escherichia_coli_str._K-12_substr._MG1655,_complete_genome_4600000:4601000	SRR10358489_NODE_11_length_148613_cov_17.336321	100.000	1000	0	0	1	1000	93426	94425	0.0	1847	plus
NC_000913.2_Escherichia_coli_str._K-12_substr._MG1655,_complete_genome_4600000:4601000	SRR10358488_NODE_18_length_94618_cov_19.550814	100.000	1000	0	0	1	1000	93426	94425	0.0	1847	plus
NC_000913.2_Escherichia_coli_str._K-12_substr._MG1655,_complete_genome_4600000:4601000	SRR10358487_NODE_18_length_94618_cov_13.533247	100.000	1000	0	0	1	1000	93426	94425	0.0	1847	plus
NC_000913.2_Escherichia_coli_str._K-12_substr._MG1655,_complete_genome_4600000:4601000	SRR10358486_NODE_16_length_94618_cov_24.002053	100.000	1000	0	0	1	1000	1193	194	0.0	1847	minus
NC_000913.2_Escherichia_coli_str._K-12_substr._MG1655,_complete_genome_4600000:4601000	SRR10358491_NODE_18_length_94618_cov_17.406716	99.900	1000	1	0	1	1000	1193	194	0.0	1842	minus
NC_000913.2_Escherichia_coli_str._K-12_substr._MG1655,_complete_genome_4600000:4601000	SRR10358485_NODE_18_length_94618_cov_20.986337	99.900	1000	1	0	1	1000	1193	194	0.0	1842	minus
NC_000913.2_Escherichia_coli_str._K-12_substr._MG1655,_complete_genome_4600000:4601000	ASM886v1_BA000007.2	99.700	1000	3	0	1	1000	5460336	5461335	0.0	1831	plus
NC_000913.2_Escherichia_coli_str._K-12_substr._MG1655,_complete_genome_4600000:4601000	ASM666v1_AE005174.2	99.700	1000	3	0	1	1000	5490330	5491329	0.0	1831	plus
NC_000913.2_Escherichia_coli_str._K-12_substr._MG1655,_complete_genome_4600000:4601000	ASM2516v1_CP001846.1	99.700	1000	3	0	1	1000	5298608	5299607	0.0	1831	plus
NC_000913.2_Escherichia_coli_str._K-12_substr._MG1655,_complete_genome_4600000:4601000	ASM2222v1_CP001368.1	99.700	1000	3	0	1	1000	5490021	5491020	0.0	1831	plus
NC_000913.2_Escherichia_coli_str._K-12_substr._MG1655,_complete_genome_4600000:4601000	ASM17195v1_ABHQ01000010.1	99.700	1000	3	0	1	1000	57840	58839	0.0	1831	plus
NC_000913.2_Escherichia_coli_str._K-12_substr._MG1655,_complete_genome_4600000:4601000	ASM15512v1_CM000662.1	99.700	1000	3	0	1	1000	1338168	1337169	0.0	1831	minus
