NC_000913.2_Escherichia_coli_str._K-12_substr._MG1655,_complete_genome_4590000:4591000	SRR10358491_NODE_18_length_94618_cov_17.406716	100.000	1000	0	0	1	1000	11193	10194	0.0	1847	minus
NC_000913.2_Escherichia_coli_str._K-12_substr._MG1655,_complete_genome_4590000:4591000	SRR10358489_NODE_11_length_148613_cov_17.336321	100.000	1000	0	0	1	1000	83426	84425	0.0	1847	plus
NC_000913.2_Escherichia_coli_str._K-12_substr._MG1655,_complete_genome_4590000:4591000	SRR10358488_NODE_18_length_94618_cov_19.550814	100.000	1000	0	0	1	1000	83426	84425	0.0	1847	plus
NC_000913.2_Escherichia_coli_str._K-12_substr._MG1655,_complete_genome_4590000:4591000	SRR10358487_NODE_18_length_94618_cov_13.533247	100.000	1000	0	0	1	1000	83426	84425	0.0	1847	plus
NC_000913.2_Escherichia_coli_str._K-12_substr._MG1655,_complete_genome_4590000:4591000	SRR10358486_NODE_16_length_94618_cov_24.002053	100.000	1000	0	0	1	1000	11193	10194	0.0	1847	minus
NC_000913.2_Escherichia_coli_str._K-12_substr._MG1655,_complete_genome_4590000:4591000	SRR10358485_NODE_18_length_94618_cov_20.986337	100.000	1000	0	0	1	1000	11193	10194	0.0	1847	minus
NC_000913.2_Escherichia_coli_str._K-12_substr._MG1655,_complete_genome_4590000:4591000	ASM886v1_BA000007.2	98.600	1000	14	0	1	1000	5450328	5451327	0.0	1770	plus
NC_000913.2_Escherichia_coli_str._K-12_substr._MG1655,_complete_genome_4590000:4591000	ASM2516v1_CP001846.1	98.600	1000	14	0	1	1000	5288600	5289599	0.0	1770	plus
NC_000913.2_Escherichia_coli_str._K-12_substr._MG1655,_complete_genome_4590000:4591000	ASM2222v1_CP001368.1	98.600	1000	14	0	1	1000	5480013	5481012	0.0	1770	plus
NC_000913.2_Escherichia_coli_str._K-12_substr._MG1655,_complete_genome_4590000:4591000	ASM17195v1_ABHQ01000010.1	98.600	1000	14	0	1	1000	47832	48831	0.0	1770	plus
NC_000913.2_Escherichia_coli_str._K-12_substr._MG1655,_complete_genome_4590000:4591000	ASM15512v1_CM000662.1	98.600	1000	14	0	1	1000	1348176	1347177	0.0	1770	minus
NC_000913.2_Escherichia_coli_str._K-12_substr._MG1655,_complete_genome_4590000:4591000	ASM666v1_AE005174.2	98.400	1000	16	0	1	1000	5480321	5481320	0.0	1762	plus
