NC_000913.2_Escherichia_coli_str._K-12_substr._MG1655,_complete_genome_1150000:1151000	SRR10358491_NODE_2_length_297749_cov_9.123549	100.000	1000	0	0	1	1000	53503	54502	0.0	1847	plus
NC_000913.2_Escherichia_coli_str._K-12_substr._MG1655,_complete_genome_1150000:1151000	SRR10358489_NODE_3_length_282492_cov_16.393724	100.000	1000	0	0	1	1000	53503	54502	0.0	1847	plus
NC_000913.2_Escherichia_coli_str._K-12_substr._MG1655,_complete_genome_1150000:1151000	SRR10358488_NODE_2_length_297749_cov_17.298217	100.000	1000	0	0	1	1000	244247	243248	0.0	1847	minus
NC_000913.2_Escherichia_coli_str._K-12_substr._MG1655,_complete_genome_1150000:1151000	SRR10358487_NODE_9_length_159351_cov_12.740033	100.000	1000	0	0	1	1000	104308	103309	0.0	1847	minus
NC_000913.2_Escherichia_coli_str._K-12_substr._MG1655,_complete_genome_1150000:1151000	SRR10358486_NODE_3_length_282546_cov_23.823528	100.000	1000	0	0	1	1000	229044	228045	0.0	1847	minus
NC_000913.2_Escherichia_coli_str._K-12_substr._MG1655,_complete_genome_1150000:1151000	SRR10358485_NODE_2_length_297748_cov_15.299391	100.000	1000	0	0	1	1000	244246	243247	0.0	1847	minus
NC_000913.2_Escherichia_coli_str._K-12_substr._MG1655,_complete_genome_1150000:1151000	ASM2516v1_CP001846.1	99.800	1000	2	0	1	1000	1408319	1409318	0.0	1836	plus
NC_000913.2_Escherichia_coli_str._K-12_substr._MG1655,_complete_genome_1150000:1151000	ASM886v1_BA000007.2	99.700	1000	3	0	1	1000	1509873	1510872	0.0	1831	plus
NC_000913.2_Escherichia_coli_str._K-12_substr._MG1655,_complete_genome_1150000:1151000	ASM666v1_AE005174.2	99.700	1000	3	0	1	1000	1594959	1595958	0.0	1831	plus
NC_000913.2_Escherichia_coli_str._K-12_substr._MG1655,_complete_genome_1150000:1151000	ASM2222v1_CP001368.1	99.700	1000	3	0	1	1000	1453746	1454745	0.0	1831	plus
NC_000913.2_Escherichia_coli_str._K-12_substr._MG1655,_complete_genome_1150000:1151000	ASM17195v1_ABHQ01000026.1	99.700	1000	3	0	1	1000	54474	55473	0.0	1831	plus
NC_000913.2_Escherichia_coli_str._K-12_substr._MG1655,_complete_genome_1150000:1151000	ASM15512v1_CM000662.1	99.700	1000	3	0	1	1000	5321380	5320381	0.0	1831	minus
