NC_000913.2_Escherichia_coli_str._K-12_substr._MG1655,_complete_genome_3490000:3491000	SRR10358489_NODE_16_length_112487_cov_17.533019	100.000	1000	0	0	1	1000	91576	90577	0.0	1847	minus
NC_000913.2_Escherichia_coli_str._K-12_substr._MG1655,_complete_genome_3490000:3491000	SRR10358488_NODE_16_length_112487_cov_19.848362	100.000	1000	0	0	1	1000	20912	21911	0.0	1847	plus
NC_000913.2_Escherichia_coli_str._K-12_substr._MG1655,_complete_genome_3490000:3491000	SRR10358487_NODE_15_length_112487_cov_13.092275	100.000	1000	0	0	1	1000	91576	90577	0.0	1847	minus
NC_000913.2_Escherichia_coli_str._K-12_substr._MG1655,_complete_genome_3490000:3491000	SRR10358486_NODE_15_length_112487_cov_21.745461	100.000	1000	0	0	1	1000	91576	90577	0.0	1847	minus
NC_000913.2_Escherichia_coli_str._K-12_substr._MG1655,_complete_genome_3490000:3491000	SRR10358485_NODE_16_length_112486_cov_17.007610	100.000	1000	0	0	1	1000	20912	21911	0.0	1847	plus
NC_000913.2_Escherichia_coli_str._K-12_substr._MG1655,_complete_genome_3490000:3491000	SRR10358491_NODE_16_length_112487_cov_17.130509	99.900	1000	1	0	1	1000	91576	90577	0.0	1842	minus
NC_000913.2_Escherichia_coli_str._K-12_substr._MG1655,_complete_genome_3490000:3491000	ASM886v1_BA000007.2	99.800	1000	2	0	1	1000	4211885	4212884	0.0	1836	plus
NC_000913.2_Escherichia_coli_str._K-12_substr._MG1655,_complete_genome_3490000:3491000	ASM666v1_AE005174.2	99.800	1000	2	0	1	1000	4279107	4280106	0.0	1836	plus
NC_000913.2_Escherichia_coli_str._K-12_substr._MG1655,_complete_genome_3490000:3491000	ASM2222v1_CP001368.1	99.800	1000	2	0	1	1000	4271006	4272005	0.0	1836	plus
NC_000913.2_Escherichia_coli_str._K-12_substr._MG1655,_complete_genome_3490000:3491000	ASM17195v1_ABHQ01000003.1	99.800	1000	2	0	1	1000	15279	16278	0.0	1836	plus
NC_000913.2_Escherichia_coli_str._K-12_substr._MG1655,_complete_genome_3490000:3491000	ASM15512v1_CM000662.1	99.800	1000	2	0	1	1000	2560581	2559582	0.0	1836	minus
NC_000913.2_Escherichia_coli_str._K-12_substr._MG1655,_complete_genome_3490000:3491000	ASM2516v1_CP001846.1	99.600	1000	4	0	1	1000	4100613	4101612	0.0	1825	plus
