NC_000913.2_Escherichia_coli_str._K-12_substr._MG1655,_complete_genome_3330000:3331000	SRR10358491_NODE_9_length_178399_cov_16.549290	100.000	1000	0	0	1	1000	144680	145679	0.0	1847	plus
NC_000913.2_Escherichia_coli_str._K-12_substr._MG1655,_complete_genome_3330000:3331000	SRR10358489_NODE_8_length_178400_cov_17.052077	100.000	1000	0	0	1	1000	33721	32722	0.0	1847	minus
NC_000913.2_Escherichia_coli_str._K-12_substr._MG1655,_complete_genome_3330000:3331000	SRR10358488_NODE_8_length_178400_cov_20.036747	100.000	1000	0	0	1	1000	144680	145679	0.0	1847	plus
NC_000913.2_Escherichia_coli_str._K-12_substr._MG1655,_complete_genome_3330000:3331000	SRR10358487_NODE_16_length_98660_cov_13.417484	100.000	1000	0	0	1	1000	64957	65956	0.0	1847	plus
NC_000913.2_Escherichia_coli_str._K-12_substr._MG1655,_complete_genome_3330000:3331000	SRR10358486_NODE_9_length_178400_cov_23.318584	100.000	1000	0	0	1	1000	33721	32722	0.0	1847	minus
NC_000913.2_Escherichia_coli_str._K-12_substr._MG1655,_complete_genome_3330000:3331000	SRR10358485_NODE_10_length_178399_cov_18.076540	100.000	1000	0	0	1	1000	144679	145678	0.0	1847	plus
NC_000913.2_Escherichia_coli_str._K-12_substr._MG1655,_complete_genome_3330000:3331000	ASM886v1_BA000007.2	99.500	1000	5	0	1	1000	4074331	4075330	0.0	1820	plus
NC_000913.2_Escherichia_coli_str._K-12_substr._MG1655,_complete_genome_3330000:3331000	ASM666v1_AE005174.2	99.500	1000	5	0	1	1000	4141547	4142546	0.0	1820	plus
NC_000913.2_Escherichia_coli_str._K-12_substr._MG1655,_complete_genome_3330000:3331000	ASM2516v1_CP001846.1	99.500	1000	5	0	1	1000	3963016	3964015	0.0	1820	plus
NC_000913.2_Escherichia_coli_str._K-12_substr._MG1655,_complete_genome_3330000:3331000	ASM15512v1_CM000662.1	99.400	1000	5	1	1	1000	2698156	2697158	0.0	1812	minus
NC_000913.2_Escherichia_coli_str._K-12_substr._MG1655,_complete_genome_3330000:3331000	ASM2222v1_CP001368.1	99.300	1000	7	0	1	1000	4132139	4133138	0.0	1808	plus
NC_000913.2_Escherichia_coli_str._K-12_substr._MG1655,_complete_genome_3330000:3331000	ASM17195v1_ABHQ01000008.1	99.300	1000	7	0	1	1000	122704	123703	0.0	1808	plus
