NC_000913.2_Escherichia_coli_str._K-12_substr._MG1655,_complete_genome_3540000:3541000	SRR10358491_NODE_16_length_112487_cov_17.130509	100.000	1000	0	0	1	1000	41576	40577	0.0	1847	minus
NC_000913.2_Escherichia_coli_str._K-12_substr._MG1655,_complete_genome_3540000:3541000	SRR10358489_NODE_16_length_112487_cov_17.533019	100.000	1000	0	0	1	1000	41576	40577	0.0	1847	minus
NC_000913.2_Escherichia_coli_str._K-12_substr._MG1655,_complete_genome_3540000:3541000	SRR10358488_NODE_16_length_112487_cov_19.848362	100.000	1000	0	0	1	1000	70912	71911	0.0	1847	plus
NC_000913.2_Escherichia_coli_str._K-12_substr._MG1655,_complete_genome_3540000:3541000	SRR10358487_NODE_15_length_112487_cov_13.092275	100.000	1000	0	0	1	1000	41576	40577	0.0	1847	minus
NC_000913.2_Escherichia_coli_str._K-12_substr._MG1655,_complete_genome_3540000:3541000	SRR10358486_NODE_15_length_112487_cov_21.745461	100.000	1000	0	0	1	1000	41576	40577	0.0	1847	minus
NC_000913.2_Escherichia_coli_str._K-12_substr._MG1655,_complete_genome_3540000:3541000	SRR10358485_NODE_16_length_112486_cov_17.007610	100.000	1000	0	0	1	1000	70912	71911	0.0	1847	plus
NC_000913.2_Escherichia_coli_str._K-12_substr._MG1655,_complete_genome_3540000:3541000	ASM886v1_BA000007.2	97.700	1000	23	0	1	1000	4254154	4255153	0.0	1720	plus
NC_000913.2_Escherichia_coli_str._K-12_substr._MG1655,_complete_genome_3540000:3541000	ASM666v1_AE005174.2	97.700	1000	23	0	1	1000	4321376	4322375	0.0	1720	plus
NC_000913.2_Escherichia_coli_str._K-12_substr._MG1655,_complete_genome_3540000:3541000	ASM2516v1_CP001846.1	97.700	1000	23	0	1	1000	4142774	4143773	0.0	1720	plus
NC_000913.2_Escherichia_coli_str._K-12_substr._MG1655,_complete_genome_3540000:3541000	ASM2222v1_CP001368.1	97.700	1000	23	0	1	1000	4313275	4314274	0.0	1720	plus
NC_000913.2_Escherichia_coli_str._K-12_substr._MG1655,_complete_genome_3540000:3541000	ASM17195v1_ABHQ01000003.1	97.700	1000	23	0	1	1000	57548	58547	0.0	1720	plus
NC_000913.2_Escherichia_coli_str._K-12_substr._MG1655,_complete_genome_3540000:3541000	ASM15512v1_CM000662.1	97.700	1000	23	0	1	1000	2518312	2517313	0.0	1720	minus
