NC_000913.2_Escherichia_coli_str._K-12_substr._MG1655,_complete_genome_2745000:2746000	SRR10358491_NODE_3_length_265729_cov_14.094081	100.000	1000	0	0	1	1000	16222	17221	0.0	1847	plus
NC_000913.2_Escherichia_coli_str._K-12_substr._MG1655,_complete_genome_2745000:2746000	SRR10358489_NODE_4_length_265730_cov_16.911326	100.000	1000	0	0	1	1000	16222	17221	0.0	1847	plus
NC_000913.2_Escherichia_coli_str._K-12_substr._MG1655,_complete_genome_2745000:2746000	SRR10358488_NODE_3_length_265730_cov_20.485303	100.000	1000	0	0	1	1000	249509	248510	0.0	1847	minus
NC_000913.2_Escherichia_coli_str._K-12_substr._MG1655,_complete_genome_2745000:2746000	SRR10358487_NODE_3_length_265730_cov_13.011318	100.000	1000	0	0	1	1000	249509	248510	0.0	1847	minus
NC_000913.2_Escherichia_coli_str._K-12_substr._MG1655,_complete_genome_2745000:2746000	SRR10358486_NODE_4_length_265730_cov_24.677873	100.000	1000	0	0	1	1000	16222	17221	0.0	1847	plus
NC_000913.2_Escherichia_coli_str._K-12_substr._MG1655,_complete_genome_2745000:2746000	SRR10358485_NODE_3_length_265727_cov_18.045960	100.000	1000	0	0	1	1000	16222	17221	0.0	1847	plus
NC_000913.2_Escherichia_coli_str._K-12_substr._MG1655,_complete_genome_2745000:2746000	ASM886v1_BA000007.2	99.100	1000	9	0	1	1000	3466987	3467986	0.0	1797	plus
NC_000913.2_Escherichia_coli_str._K-12_substr._MG1655,_complete_genome_2745000:2746000	ASM666v1_AE005174.2	99.100	1000	9	0	1	1000	3536836	3537835	0.0	1797	plus
NC_000913.2_Escherichia_coli_str._K-12_substr._MG1655,_complete_genome_2745000:2746000	ASM2222v1_CP001368.1	99.100	1000	9	0	1	1000	3525973	3526972	0.0	1797	plus
NC_000913.2_Escherichia_coli_str._K-12_substr._MG1655,_complete_genome_2745000:2746000	ASM17195v1_ABHQ01000001.1	99.100	1000	9	0	1	1000	215178	216177	0.0	1797	plus
NC_000913.2_Escherichia_coli_str._K-12_substr._MG1655,_complete_genome_2745000:2746000	ASM15512v1_CM000662.1	99.100	1000	9	0	1	1000	3305281	3304282	0.0	1797	minus
NC_000913.2_Escherichia_coli_str._K-12_substr._MG1655,_complete_genome_2745000:2746000	ASM2516v1_CP001846.1	99.000	1000	10	0	1	1000	3249523	3250522	0.0	1792	plus
