NC_000913.2_Escherichia_coli_str._K-12_substr._MG1655,_complete_genome_1695000:1696000	SRR10358491_NODE_6_length_208552_cov_7.941471	100.000	1000	0	0	1	1000	45555	46554	0.0	1847	plus
NC_000913.2_Escherichia_coli_str._K-12_substr._MG1655,_complete_genome_1695000:1696000	SRR10358489_NODE_1_length_414105_cov_16.439444	100.000	1000	0	0	1	1000	368550	367551	0.0	1847	minus
NC_000913.2_Escherichia_coli_str._K-12_substr._MG1655,_complete_genome_1695000:1696000	SRR10358488_NODE_1_length_414105_cov_16.407519	100.000	1000	0	0	1	1000	368550	367551	0.0	1847	minus
NC_000913.2_Escherichia_coli_str._K-12_substr._MG1655,_complete_genome_1695000:1696000	SRR10358487_NODE_1_length_414105_cov_12.682679	100.000	1000	0	0	1	1000	45556	46555	0.0	1847	plus
NC_000913.2_Escherichia_coli_str._K-12_substr._MG1655,_complete_genome_1695000:1696000	SRR10358486_NODE_1_length_414105_cov_23.445681	100.000	1000	0	0	1	1000	45556	46555	0.0	1847	plus
NC_000913.2_Escherichia_coli_str._K-12_substr._MG1655,_complete_genome_1695000:1696000	SRR10358485_NODE_5_length_228539_cov_14.517368	100.000	1000	0	0	1	1000	182984	181985	0.0	1847	minus
NC_000913.2_Escherichia_coli_str._K-12_substr._MG1655,_complete_genome_1695000:1696000	ASM886v1_BA000007.2	97.520	1008	17	1	1	1000	2296598	2297605	0.0	1716	plus
NC_000913.2_Escherichia_coli_str._K-12_substr._MG1655,_complete_genome_1695000:1696000	ASM666v1_AE005174.2	97.520	1008	17	1	1	1000	2371885	2372892	0.0	1716	plus
NC_000913.2_Escherichia_coli_str._K-12_substr._MG1655,_complete_genome_1695000:1696000	ASM2222v1_CP001368.1	97.520	1008	17	1	1	1000	2201874	2202881	0.0	1716	plus
NC_000913.2_Escherichia_coli_str._K-12_substr._MG1655,_complete_genome_1695000:1696000	ASM17195v1_ABHQ01000024.1	97.520	1008	17	1	1	1000	42324	43331	0.0	1716	plus
NC_000913.2_Escherichia_coli_str._K-12_substr._MG1655,_complete_genome_1695000:1696000	ASM15512v1_CM000662.1	97.520	1008	17	1	1	1000	4538067	4537060	0.0	1716	minus
NC_000913.2_Escherichia_coli_str._K-12_substr._MG1655,_complete_genome_1695000:1696000	ASM2516v1_CP001846.1	97.421	1008	18	1	1	1000	2053903	2054910	0.0	1711	plus
