NC_000913.2_Escherichia_coli_str._K-12_substr._MG1655,_complete_genome_2735000:2736000	SRR10358491_NODE_3_length_265729_cov_14.094081	100.000	1000	0	0	1	1000	6222	7221	0.0	1847	plus
NC_000913.2_Escherichia_coli_str._K-12_substr._MG1655,_complete_genome_2735000:2736000	SRR10358489_NODE_4_length_265730_cov_16.911326	100.000	1000	0	0	1	1000	6222	7221	0.0	1847	plus
NC_000913.2_Escherichia_coli_str._K-12_substr._MG1655,_complete_genome_2735000:2736000	SRR10358488_NODE_3_length_265730_cov_20.485303	100.000	1000	0	0	1	1000	259509	258510	0.0	1847	minus
NC_000913.2_Escherichia_coli_str._K-12_substr._MG1655,_complete_genome_2735000:2736000	SRR10358487_NODE_3_length_265730_cov_13.011318	100.000	1000	0	0	1	1000	259509	258510	0.0	1847	minus
NC_000913.2_Escherichia_coli_str._K-12_substr._MG1655,_complete_genome_2735000:2736000	SRR10358486_NODE_4_length_265730_cov_24.677873	100.000	1000	0	0	1	1000	6222	7221	0.0	1847	plus
NC_000913.2_Escherichia_coli_str._K-12_substr._MG1655,_complete_genome_2735000:2736000	SRR10358485_NODE_3_length_265727_cov_18.045960	99.900	1000	1	0	1	1000	6222	7221	0.0	1842	plus
NC_000913.2_Escherichia_coli_str._K-12_substr._MG1655,_complete_genome_2735000:2736000	ASM886v1_BA000007.2	99.300	1000	7	0	1	1000	3457098	3458097	0.0	1808	plus
NC_000913.2_Escherichia_coli_str._K-12_substr._MG1655,_complete_genome_2735000:2736000	ASM666v1_AE005174.2	99.300	1000	7	0	1	1000	3526947	3527946	0.0	1808	plus
NC_000913.2_Escherichia_coli_str._K-12_substr._MG1655,_complete_genome_2735000:2736000	ASM2516v1_CP001846.1	99.300	1000	7	0	1	1000	3239634	3240633	0.0	1808	plus
NC_000913.2_Escherichia_coli_str._K-12_substr._MG1655,_complete_genome_2735000:2736000	ASM2222v1_CP001368.1	99.300	1000	7	0	1	1000	3516084	3517083	0.0	1808	plus
NC_000913.2_Escherichia_coli_str._K-12_substr._MG1655,_complete_genome_2735000:2736000	ASM17195v1_ABHQ01000001.1	99.300	1000	7	0	1	1000	205289	206288	0.0	1808	plus
NC_000913.2_Escherichia_coli_str._K-12_substr._MG1655,_complete_genome_2735000:2736000	ASM15512v1_CM000662.1	99.300	1000	7	0	1	1000	3315168	3314169	0.0	1808	minus
