NC_000913.2_Escherichia_coli_str._K-12_substr._MG1655,_complete_genome_3860000:3861000	SRR10358491_NODE_10_length_176019_cov_21.745196	100.000	1000	0	0	1	1000	79743	78744	0.0	1847	minus
NC_000913.2_Escherichia_coli_str._K-12_substr._MG1655,_complete_genome_3860000:3861000	SRR10358489_NODE_9_length_176019_cov_17.200299	100.000	1000	0	0	1	1000	79742	78743	0.0	1847	minus
NC_000913.2_Escherichia_coli_str._K-12_substr._MG1655,_complete_genome_3860000:3861000	SRR10358488_NODE_7_length_178712_cov_21.132391	100.000	1000	0	0	1	1000	98970	99969	0.0	1847	plus
NC_000913.2_Escherichia_coli_str._K-12_substr._MG1655,_complete_genome_3860000:3861000	SRR10358486_NODE_8_length_178711_cov_23.726185	100.000	1000	0	0	1	1000	98970	99969	0.0	1847	plus
NC_000913.2_Escherichia_coli_str._K-12_substr._MG1655,_complete_genome_3860000:3861000	SRR10358485_NODE_9_length_178561_cov_21.674995	100.000	1000	0	0	1	1000	79592	78593	0.0	1847	minus
NC_000913.2_Escherichia_coli_str._K-12_substr._MG1655,_complete_genome_3860000:3861000	SRR10358487_NODE_8_length_175868_cov_13.003135	99.600	1000	4	0	1	1000	79591	78592	0.0	1825	minus
NC_000913.2_Escherichia_coli_str._K-12_substr._MG1655,_complete_genome_3860000:3861000	ASM2516v1_CP001846.1	98.500	1000	15	0	1	1000	4540457	4541456	0.0	1764	plus
NC_000913.2_Escherichia_coli_str._K-12_substr._MG1655,_complete_genome_3860000:3861000	ASM886v1_BA000007.2	98.400	1000	16	0	1	1000	4652962	4653961	0.0	1759	plus
NC_000913.2_Escherichia_coli_str._K-12_substr._MG1655,_complete_genome_3860000:3861000	ASM666v1_AE005174.2	98.400	1000	16	0	1	1000	4721945	4722944	0.0	1759	plus
NC_000913.2_Escherichia_coli_str._K-12_substr._MG1655,_complete_genome_3860000:3861000	ASM2222v1_CP001368.1	98.400	1000	16	0	1	1000	4712109	4713108	0.0	1759	plus
NC_000913.2_Escherichia_coli_str._K-12_substr._MG1655,_complete_genome_3860000:3861000	ASM17195v1_ABHQ01000003.1	98.400	1000	16	0	1	1000	456383	457382	0.0	1759	plus
NC_000913.2_Escherichia_coli_str._K-12_substr._MG1655,_complete_genome_3860000:3861000	ASM15512v1_CM000662.1	98.400	1000	16	0	1	1000	2106611	2105612	0.0	1759	minus
