NC_000913.2_Escherichia_coli_str._K-12_substr._MG1655,_complete_genome_3105000:3106000	SRR10358491_NODE_13_length_132705_cov_14.750735	100.000	1000	0	0	1	1000	109415	110414	0.0	1847	plus
NC_000913.2_Escherichia_coli_str._K-12_substr._MG1655,_complete_genome_3105000:3106000	SRR10358489_NODE_13_length_132705_cov_17.822784	100.000	1000	0	0	1	1000	23291	22292	0.0	1847	minus
NC_000913.2_Escherichia_coli_str._K-12_substr._MG1655,_complete_genome_3105000:3106000	SRR10358488_NODE_13_length_132705_cov_20.492306	100.000	1000	0	0	1	1000	23291	22292	0.0	1847	minus
NC_000913.2_Escherichia_coli_str._K-12_substr._MG1655,_complete_genome_3105000:3106000	SRR10358487_NODE_11_length_132705_cov_13.267216	100.000	1000	0	0	1	1000	23291	22292	0.0	1847	minus
NC_000913.2_Escherichia_coli_str._K-12_substr._MG1655,_complete_genome_3105000:3106000	SRR10358486_NODE_14_length_116578_cov_22.471271	100.000	1000	0	0	1	1000	93288	94287	0.0	1847	plus
NC_000913.2_Escherichia_coli_str._K-12_substr._MG1655,_complete_genome_3105000:3106000	SRR10358485_NODE_13_length_132704_cov_17.210240	100.000	1000	0	0	1	1000	23291	22292	0.0	1847	minus
NC_000913.2_Escherichia_coli_str._K-12_substr._MG1655,_complete_genome_3105000:3106000	ASM886v1_BA000007.2	98.600	1000	14	0	1	1000	3848573	3849572	0.0	1770	plus
NC_000913.2_Escherichia_coli_str._K-12_substr._MG1655,_complete_genome_3105000:3106000	ASM666v1_AE005174.2	98.600	1000	14	0	1	1000	3915885	3916884	0.0	1770	plus
NC_000913.2_Escherichia_coli_str._K-12_substr._MG1655,_complete_genome_3105000:3106000	ASM2222v1_CP001368.1	98.600	1000	14	0	1	1000	3907696	3908695	0.0	1770	plus
NC_000913.2_Escherichia_coli_str._K-12_substr._MG1655,_complete_genome_3105000:3106000	ASM17195v1_ABHQ01000011.1	98.600	1000	14	0	1	1000	55543	56542	0.0	1770	plus
NC_000913.2_Escherichia_coli_str._K-12_substr._MG1655,_complete_genome_3105000:3106000	ASM15512v1_CM000662.1	98.600	1000	14	0	1	1000	2923916	2922917	0.0	1770	minus
NC_000913.2_Escherichia_coli_str._K-12_substr._MG1655,_complete_genome_3105000:3106000	ASM2516v1_CP001846.1	98.400	1000	16	0	1	1000	3672486	3673485	0.0	1759	plus
