NC_000913.2_Escherichia_coli_str._K-12_substr._MG1655,_complete_genome_2305000:2306000	SRR10358489_NODE_6_length_209744_cov_17.155574	100.000	1000	0	0	1	1000	2320	3319	0.0	1847	plus
NC_000913.2_Escherichia_coli_str._K-12_substr._MG1655,_complete_genome_2305000:2306000	SRR10358488_NODE_5_length_209744_cov_17.813722	100.000	1000	0	0	1	1000	2320	3319	0.0	1847	plus
NC_000913.2_Escherichia_coli_str._K-12_substr._MG1655,_complete_genome_2305000:2306000	SRR10358487_NODE_6_length_209744_cov_13.217979	100.000	1000	0	0	1	1000	2320	3319	0.0	1847	plus
NC_000913.2_Escherichia_coli_str._K-12_substr._MG1655,_complete_genome_2305000:2306000	SRR10358486_NODE_5_length_224417_cov_23.200682	100.000	1000	0	0	1	1000	16993	17992	0.0	1847	plus
NC_000913.2_Escherichia_coli_str._K-12_substr._MG1655,_complete_genome_2305000:2306000	SRR10358491_NODE_4_length_224192_cov_11.038949	99.900	1000	1	0	1	1000	207426	206427	0.0	1842	minus
NC_000913.2_Escherichia_coli_str._K-12_substr._MG1655,_complete_genome_2305000:2306000	SRR10358485_NODE_7_length_196189_cov_15.353786	99.900	1000	1	0	1	1000	179423	178424	0.0	1842	minus
NC_000913.2_Escherichia_coli_str._K-12_substr._MG1655,_complete_genome_2305000:2306000	ASM2516v1_CP001846.1	99.300	1000	7	0	1	1000	2780721	2781720	0.0	1808	plus
NC_000913.2_Escherichia_coli_str._K-12_substr._MG1655,_complete_genome_2305000:2306000	ASM2222v1_CP001368.1	99.300	1000	7	0	1	1000	3036199	3037198	0.0	1808	plus
NC_000913.2_Escherichia_coli_str._K-12_substr._MG1655,_complete_genome_2305000:2306000	ASM17195v1_ABHQ01000004.1	99.300	1000	7	0	1	1000	81702	82701	0.0	1808	plus
NC_000913.2_Escherichia_coli_str._K-12_substr._MG1655,_complete_genome_2305000:2306000	ASM886v1_BA000007.2	99.200	1000	8	0	1	1000	3039966	3040965	0.0	1803	plus
NC_000913.2_Escherichia_coli_str._K-12_substr._MG1655,_complete_genome_2305000:2306000	ASM666v1_AE005174.2	99.200	1000	8	0	1	1000	3111235	3112234	0.0	1803	plus
NC_000913.2_Escherichia_coli_str._K-12_substr._MG1655,_complete_genome_2305000:2306000	ASM15512v1_CM000662.1	99.200	1000	8	0	1	1000	3793463	3792464	0.0	1803	minus
