NC_000913.2_Escherichia_coli_str._K-12_substr._MG1655,_complete_genome_2515000:2516000	SRR10358491_NODE_5_length_210722_cov_11.226102	100.000	1000	0	0	1	1000	1489	2488	0.0	1847	plus
NC_000913.2_Escherichia_coli_str._K-12_substr._MG1655,_complete_genome_2515000:2516000	SRR10358489_NODE_5_length_210722_cov_16.906422	100.000	1000	0	0	1	1000	1488	2487	0.0	1847	plus
NC_000913.2_Escherichia_coli_str._K-12_substr._MG1655,_complete_genome_2515000:2516000	SRR10358488_NODE_4_length_210723_cov_18.722716	100.000	1000	0	0	1	1000	1489	2488	0.0	1847	plus
NC_000913.2_Escherichia_coli_str._K-12_substr._MG1655,_complete_genome_2515000:2516000	SRR10358487_NODE_5_length_210723_cov_12.686608	100.000	1000	0	0	1	1000	209235	208236	0.0	1847	minus
NC_000913.2_Escherichia_coli_str._K-12_substr._MG1655,_complete_genome_2515000:2516000	SRR10358486_NODE_6_length_210723_cov_21.594005	100.000	1000	0	0	1	1000	209235	208236	0.0	1847	minus
NC_000913.2_Escherichia_coli_str._K-12_substr._MG1655,_complete_genome_2515000:2516000	SRR10358485_NODE_6_length_210724_cov_13.704744	100.000	1000	0	0	1	1000	1490	2489	0.0	1847	plus
NC_000913.2_Escherichia_coli_str._K-12_substr._MG1655,_complete_genome_2515000:2516000	ASM886v1_BA000007.2	99.500	1000	4	1	1	1000	3243763	3244761	0.0	1818	plus
NC_000913.2_Escherichia_coli_str._K-12_substr._MG1655,_complete_genome_2515000:2516000	ASM666v1_AE005174.2	99.500	1000	4	1	1	1000	3313723	3314721	0.0	1818	plus
NC_000913.2_Escherichia_coli_str._K-12_substr._MG1655,_complete_genome_2515000:2516000	ASM2516v1_CP001846.1	99.500	1000	4	1	1	1000	2984833	2985831	0.0	1818	plus
NC_000913.2_Escherichia_coli_str._K-12_substr._MG1655,_complete_genome_2515000:2516000	ASM2222v1_CP001368.1	99.500	1000	4	1	1	1000	3302750	3303748	0.0	1818	plus
NC_000913.2_Escherichia_coli_str._K-12_substr._MG1655,_complete_genome_2515000:2516000	ASM17195v1_ABHQ01000004.1	99.500	1000	4	1	1	1000	348252	349250	0.0	1818	plus
NC_000913.2_Escherichia_coli_str._K-12_substr._MG1655,_complete_genome_2515000:2516000	ASM15512v1_CM000662.1	99.500	1000	4	1	1	1000	3528499	3527501	0.0	1818	minus
