NC_000913.2_Escherichia_coli_str._K-12_substr._MG1655,_complete_genome_1755000:1756000	SRR10358491_NODE_6_length_208552_cov_7.941471	100.000	1000	0	0	1	1000	105554	106553	0.0	1847	plus
NC_000913.2_Escherichia_coli_str._K-12_substr._MG1655,_complete_genome_1755000:1756000	SRR10358489_NODE_1_length_414105_cov_16.439444	100.000	1000	0	0	1	1000	308550	307551	0.0	1847	minus
NC_000913.2_Escherichia_coli_str._K-12_substr._MG1655,_complete_genome_1755000:1756000	SRR10358488_NODE_1_length_414105_cov_16.407519	100.000	1000	0	0	1	1000	308550	307551	0.0	1847	minus
NC_000913.2_Escherichia_coli_str._K-12_substr._MG1655,_complete_genome_1755000:1756000	SRR10358487_NODE_1_length_414105_cov_12.682679	100.000	1000	0	0	1	1000	105556	106555	0.0	1847	plus
NC_000913.2_Escherichia_coli_str._K-12_substr._MG1655,_complete_genome_1755000:1756000	SRR10358486_NODE_1_length_414105_cov_23.445681	100.000	1000	0	0	1	1000	105556	106555	0.0	1847	plus
NC_000913.2_Escherichia_coli_str._K-12_substr._MG1655,_complete_genome_1755000:1756000	SRR10358485_NODE_5_length_228539_cov_14.517368	100.000	1000	0	0	1	1000	122984	121985	0.0	1847	minus
NC_000913.2_Escherichia_coli_str._K-12_substr._MG1655,_complete_genome_1755000:1756000	ASM886v1_BA000007.2	99.300	1000	6	1	1	1000	2356689	2357687	0.0	1807	plus
NC_000913.2_Escherichia_coli_str._K-12_substr._MG1655,_complete_genome_1755000:1756000	ASM666v1_AE005174.2	99.300	1000	6	1	1	1000	2431885	2432883	0.0	1807	plus
NC_000913.2_Escherichia_coli_str._K-12_substr._MG1655,_complete_genome_1755000:1756000	ASM2222v1_CP001368.1	99.300	1000	6	1	1	1000	2261965	2262963	0.0	1807	plus
NC_000913.2_Escherichia_coli_str._K-12_substr._MG1655,_complete_genome_1755000:1756000	ASM15512v1_CM000662.1	99.300	1000	6	1	1	1000	4477976	4476978	0.0	1807	minus
NC_000913.2_Escherichia_coli_str._K-12_substr._MG1655,_complete_genome_1755000:1756000	ASM2516v1_CP001846.1	99.100	1000	8	1	1	1000	2113995	2114993	0.0	1796	plus
