NC_000913.2_Escherichia_coli_str._K-12_substr._MG1655,_complete_genome_3610000:3611000	SRR10358491_NODE_34_length_35327_cov_16.022188	100.000	1000	0	0	1	1000	27906	28905	0.0	1847	plus
NC_000913.2_Escherichia_coli_str._K-12_substr._MG1655,_complete_genome_3610000:3611000	SRR10358489_NODE_32_length_35465_cov_15.307573	100.000	1000	0	0	1	1000	7560	6561	0.0	1847	minus
NC_000913.2_Escherichia_coli_str._K-12_substr._MG1655,_complete_genome_3610000:3611000	SRR10358488_NODE_34_length_35327_cov_18.877017	100.000	1000	0	0	1	1000	27906	28905	0.0	1847	plus
NC_000913.2_Escherichia_coli_str._K-12_substr._MG1655,_complete_genome_3610000:3611000	SRR10358487_NODE_35_length_35327_cov_11.689403	100.000	1000	0	0	1	1000	7422	6423	0.0	1847	minus
NC_000913.2_Escherichia_coli_str._K-12_substr._MG1655,_complete_genome_3610000:3611000	SRR10358486_NODE_34_length_35327_cov_20.169716	100.000	1000	0	0	1	1000	27906	28905	0.0	1847	plus
NC_000913.2_Escherichia_coli_str._K-12_substr._MG1655,_complete_genome_3610000:3611000	SRR10358485_NODE_4_length_239298_cov_15.881290	100.000	1000	0	0	1	1000	7560	6561	0.0	1847	minus
NC_000913.2_Escherichia_coli_str._K-12_substr._MG1655,_complete_genome_3610000:3611000	ASM886v1_BA000007.2	98.821	933	11	0	1	933	4331225	4332157	0.0	1663	plus
NC_000913.2_Escherichia_coli_str._K-12_substr._MG1655,_complete_genome_3610000:3611000	ASM666v1_AE005174.2	98.821	933	11	0	1	933	4398449	4399381	0.0	1663	plus
NC_000913.2_Escherichia_coli_str._K-12_substr._MG1655,_complete_genome_3610000:3611000	ASM2516v1_CP001846.1	98.821	933	11	0	1	933	4219819	4220751	0.0	1663	plus
NC_000913.2_Escherichia_coli_str._K-12_substr._MG1655,_complete_genome_3610000:3611000	ASM2222v1_CP001368.1	98.821	933	11	0	1	933	4390346	4391278	0.0	1663	plus
NC_000913.2_Escherichia_coli_str._K-12_substr._MG1655,_complete_genome_3610000:3611000	ASM17195v1_ABHQ01000003.1	98.821	933	11	0	1	933	134619	135551	0.0	1663	plus
NC_000913.2_Escherichia_coli_str._K-12_substr._MG1655,_complete_genome_3610000:3611000	ASM15512v1_CM000662.1	98.821	933	11	0	1	933	2441270	2440338	0.0	1663	minus
