NC_000913.2_Escherichia_coli_str._K-12_substr._MG1655,_complete_genome_2400000:2401000	SRR10358491_NODE_4_length_224192_cov_11.038949	100.000	1000	0	0	1	1000	112422	111423	0.0	1847	minus
NC_000913.2_Escherichia_coli_str._K-12_substr._MG1655,_complete_genome_2400000:2401000	SRR10358489_NODE_6_length_209744_cov_17.155574	100.000	1000	0	0	1	1000	97324	98323	0.0	1847	plus
NC_000913.2_Escherichia_coli_str._K-12_substr._MG1655,_complete_genome_2400000:2401000	SRR10358488_NODE_5_length_209744_cov_17.813722	100.000	1000	0	0	1	1000	97324	98323	0.0	1847	plus
NC_000913.2_Escherichia_coli_str._K-12_substr._MG1655,_complete_genome_2400000:2401000	SRR10358487_NODE_6_length_209744_cov_13.217979	100.000	1000	0	0	1	1000	97324	98323	0.0	1847	plus
NC_000913.2_Escherichia_coli_str._K-12_substr._MG1655,_complete_genome_2400000:2401000	SRR10358486_NODE_5_length_224417_cov_23.200682	100.000	1000	0	0	1	1000	111997	112996	0.0	1847	plus
NC_000913.2_Escherichia_coli_str._K-12_substr._MG1655,_complete_genome_2400000:2401000	SRR10358485_NODE_7_length_196189_cov_15.353786	100.000	1000	0	0	1	1000	84419	83420	0.0	1847	minus
NC_000913.2_Escherichia_coli_str._K-12_substr._MG1655,_complete_genome_2400000:2401000	ASM886v1_BA000007.2	98.000	1000	20	0	1	1000	3128149	3129148	0.0	1736	plus
NC_000913.2_Escherichia_coli_str._K-12_substr._MG1655,_complete_genome_2400000:2401000	ASM666v1_AE005174.2	98.000	1000	20	0	1	1000	3198105	3199104	0.0	1736	plus
NC_000913.2_Escherichia_coli_str._K-12_substr._MG1655,_complete_genome_2400000:2401000	ASM2516v1_CP001846.1	98.000	1000	20	0	1	1000	2869034	2870033	0.0	1736	plus
NC_000913.2_Escherichia_coli_str._K-12_substr._MG1655,_complete_genome_2400000:2401000	ASM2222v1_CP001368.1	98.000	1000	20	0	1	1000	3124382	3125381	0.0	1736	plus
NC_000913.2_Escherichia_coli_str._K-12_substr._MG1655,_complete_genome_2400000:2401000	ASM17195v1_ABHQ01000004.1	98.000	1000	20	0	1	1000	169885	170884	0.0	1736	plus
NC_000913.2_Escherichia_coli_str._K-12_substr._MG1655,_complete_genome_2400000:2401000	ASM15512v1_CM000662.1	98.000	1000	20	0	1	1000	3705280	3704281	0.0	1736	minus
