NC_000913.2_Escherichia_coli_str._K-12_substr._MG1655,_complete_genome_2585000:2586000	SRR10358491_NODE_5_length_210722_cov_11.226102	100.000	1000	0	0	1	1000	71488	72487	0.0	1847	plus
NC_000913.2_Escherichia_coli_str._K-12_substr._MG1655,_complete_genome_2585000:2586000	SRR10358489_NODE_5_length_210722_cov_16.906422	100.000	1000	0	0	1	1000	71488	72487	0.0	1847	plus
NC_000913.2_Escherichia_coli_str._K-12_substr._MG1655,_complete_genome_2585000:2586000	SRR10358488_NODE_4_length_210723_cov_18.722716	100.000	1000	0	0	1	1000	71489	72488	0.0	1847	plus
NC_000913.2_Escherichia_coli_str._K-12_substr._MG1655,_complete_genome_2585000:2586000	SRR10358487_NODE_5_length_210723_cov_12.686608	100.000	1000	0	0	1	1000	139235	138236	0.0	1847	minus
NC_000913.2_Escherichia_coli_str._K-12_substr._MG1655,_complete_genome_2585000:2586000	SRR10358486_NODE_6_length_210723_cov_21.594005	100.000	1000	0	0	1	1000	139235	138236	0.0	1847	minus
NC_000913.2_Escherichia_coli_str._K-12_substr._MG1655,_complete_genome_2585000:2586000	SRR10358485_NODE_6_length_210724_cov_13.704744	100.000	1000	0	0	1	1000	71490	72489	0.0	1847	plus
NC_000913.2_Escherichia_coli_str._K-12_substr._MG1655,_complete_genome_2585000:2586000	ASM2516v1_CP001846.1	99.600	999	4	0	1	999	3044174	3045172	0.0	1823	plus
NC_000913.2_Escherichia_coli_str._K-12_substr._MG1655,_complete_genome_2585000:2586000	ASM2222v1_CP001368.1	99.600	999	4	0	1	999	3362091	3363089	0.0	1823	plus
NC_000913.2_Escherichia_coli_str._K-12_substr._MG1655,_complete_genome_2585000:2586000	ASM17195v1_ABHQ01000001.1	99.600	999	4	0	1	999	51295	52293	0.0	1823	plus
NC_000913.2_Escherichia_coli_str._K-12_substr._MG1655,_complete_genome_2585000:2586000	ASM666v1_AE005174.2	99.499	999	5	0	1	999	3372937	3373935	0.0	1820	plus
NC_000913.2_Escherichia_coli_str._K-12_substr._MG1655,_complete_genome_2585000:2586000	ASM886v1_BA000007.2	99.499	999	5	0	1	999	3303103	3304101	0.0	1818	plus
NC_000913.2_Escherichia_coli_str._K-12_substr._MG1655,_complete_genome_2585000:2586000	ASM15512v1_CM000662.1	99.499	999	5	0	1	999	3469157	3468159	0.0	1818	minus
