NC_000913.2_Escherichia_coli_str._K-12_substr._MG1655,_complete_genome_3225000:3226000	SRR10358491_NODE_9_length_178399_cov_16.549290	100.000	1000	0	0	1	1000	39680	40679	0.0	1847	plus
NC_000913.2_Escherichia_coli_str._K-12_substr._MG1655,_complete_genome_3225000:3226000	SRR10358489_NODE_8_length_178400_cov_17.052077	100.000	1000	0	0	1	1000	138721	137722	0.0	1847	minus
NC_000913.2_Escherichia_coli_str._K-12_substr._MG1655,_complete_genome_3225000:3226000	SRR10358488_NODE_8_length_178400_cov_20.036747	100.000	1000	0	0	1	1000	39680	40679	0.0	1847	plus
NC_000913.2_Escherichia_coli_str._K-12_substr._MG1655,_complete_genome_3225000:3226000	SRR10358487_NODE_20_length_79973_cov_12.748453	100.000	1000	0	0	1	1000	39680	40679	0.0	1847	plus
NC_000913.2_Escherichia_coli_str._K-12_substr._MG1655,_complete_genome_3225000:3226000	SRR10358486_NODE_9_length_178400_cov_23.318584	100.000	1000	0	0	1	1000	138721	137722	0.0	1847	minus
NC_000913.2_Escherichia_coli_str._K-12_substr._MG1655,_complete_genome_3225000:3226000	SRR10358485_NODE_10_length_178399_cov_18.076540	100.000	1000	0	0	1	1000	39680	40679	0.0	1847	plus
NC_000913.2_Escherichia_coli_str._K-12_substr._MG1655,_complete_genome_3225000:3226000	ASM2516v1_CP001846.1	99.200	1000	8	0	1	1000	3856264	3857263	0.0	1803	plus
NC_000913.2_Escherichia_coli_str._K-12_substr._MG1655,_complete_genome_3225000:3226000	ASM886v1_BA000007.2	99.100	1000	9	0	1	1000	3966510	3967509	0.0	1797	plus
NC_000913.2_Escherichia_coli_str._K-12_substr._MG1655,_complete_genome_3225000:3226000	ASM2222v1_CP001368.1	99.100	1000	9	0	1	1000	4025634	4026633	0.0	1797	plus
NC_000913.2_Escherichia_coli_str._K-12_substr._MG1655,_complete_genome_3225000:3226000	ASM17195v1_ABHQ01000008.1	99.100	1000	9	0	1	1000	16199	17198	0.0	1797	plus
NC_000913.2_Escherichia_coli_str._K-12_substr._MG1655,_complete_genome_3225000:3226000	ASM15512v1_CM000662.1	99.100	1000	9	0	1	1000	2805977	2804978	0.0	1797	minus
NC_000913.2_Escherichia_coli_str._K-12_substr._MG1655,_complete_genome_3225000:3226000	ASM666v1_AE005174.2	99.000	1000	10	0	1	1000	4033825	4034824	0.0	1794	plus
