NC_000913.2_Escherichia_coli_str._K-12_substr._MG1655,_complete_genome_1045000:1046000	SRR10358491_NODE_1_length_316522_cov_10.067103	100.000	1000	0	0	1	1000	312269	313268	0.0	1847	plus
NC_000913.2_Escherichia_coli_str._K-12_substr._MG1655,_complete_genome_1045000:1046000	SRR10358489_NODE_2_length_361112_cov_16.843946	100.000	1000	0	0	1	1000	312519	313518	0.0	1847	plus
NC_000913.2_Escherichia_coli_str._K-12_substr._MG1655,_complete_genome_1045000:1046000	SRR10358488_NODE_11_length_142450_cov_18.046781	100.000	1000	0	0	1	1000	138197	139196	0.0	1847	plus
NC_000913.2_Escherichia_coli_str._K-12_substr._MG1655,_complete_genome_1045000:1046000	SRR10358487_NODE_22_length_76851_cov_13.190384	100.000	1000	0	0	1	1000	72598	73597	0.0	1847	plus
NC_000913.2_Escherichia_coli_str._K-12_substr._MG1655,_complete_genome_1045000:1046000	SRR10358486_NODE_2_length_316163_cov_22.172335	100.000	1000	0	0	1	1000	311987	312986	0.0	1847	plus
NC_000913.2_Escherichia_coli_str._K-12_substr._MG1655,_complete_genome_1045000:1046000	SRR10358485_NODE_1_length_316175_cov_14.047515	100.000	1000	0	0	1	1000	311999	312998	0.0	1847	plus
NC_000913.2_Escherichia_coli_str._K-12_substr._MG1655,_complete_genome_1045000:1046000	ASM886v1_BA000007.2	98.700	1000	13	0	1	1000	1224909	1225908	0.0	1775	plus
NC_000913.2_Escherichia_coli_str._K-12_substr._MG1655,_complete_genome_1045000:1046000	ASM666v1_AE005174.2	98.700	1000	13	0	1	1000	1309726	1310725	0.0	1775	plus
NC_000913.2_Escherichia_coli_str._K-12_substr._MG1655,_complete_genome_1045000:1046000	ASM2516v1_CP001846.1	98.700	1000	13	0	1	1000	1272266	1273265	0.0	1775	plus
NC_000913.2_Escherichia_coli_str._K-12_substr._MG1655,_complete_genome_1045000:1046000	ASM2222v1_CP001368.1	98.700	1000	13	0	1	1000	1230228	1231227	0.0	1775	plus
NC_000913.2_Escherichia_coli_str._K-12_substr._MG1655,_complete_genome_1045000:1046000	ASM17195v1_ABHQ01000007.1	98.700	1000	13	0	1	1000	78464	79463	0.0	1775	plus
NC_000913.2_Escherichia_coli_str._K-12_substr._MG1655,_complete_genome_1045000:1046000	ASM15512v1_CM000662.1	98.700	1000	13	0	1	1000	26490	25491	0.0	1775	minus
