NC_000913.2_Escherichia_coli_str._K-12_substr._MG1655,_complete_genome_3960000:3961000	SRR10358491_NODE_19_length_88592_cov_19.119188	100.000	1000	0	0	1	1000	15279	16278	0.0	1847	plus
NC_000913.2_Escherichia_coli_str._K-12_substr._MG1655,_complete_genome_3960000:3961000	SRR10358489_NODE_18_length_88592_cov_17.666388	100.000	1000	0	0	1	1000	15279	16278	0.0	1847	plus
NC_000913.2_Escherichia_coli_str._K-12_substr._MG1655,_complete_genome_3960000:3961000	SRR10358488_NODE_19_length_88592_cov_20.729113	100.000	1000	0	0	1	1000	15279	16278	0.0	1847	plus
NC_000913.2_Escherichia_coli_str._K-12_substr._MG1655,_complete_genome_3960000:3961000	SRR10358487_NODE_19_length_88743_cov_13.265246	100.000	1000	0	0	1	1000	15279	16278	0.0	1847	plus
NC_000913.2_Escherichia_coli_str._K-12_substr._MG1655,_complete_genome_3960000:3961000	SRR10358486_NODE_17_length_88592_cov_21.385079	100.000	1000	0	0	1	1000	15279	16278	0.0	1847	plus
NC_000913.2_Escherichia_coli_str._K-12_substr._MG1655,_complete_genome_3960000:3961000	SRR10358485_NODE_19_length_88598_cov_17.871834	99.900	1000	1	0	1	1000	73320	72321	0.0	1842	minus
NC_000913.2_Escherichia_coli_str._K-12_substr._MG1655,_complete_genome_3960000:3961000	ASM886v1_BA000007.2	99.400	1000	6	0	1	1000	4755384	4756383	0.0	1814	plus
NC_000913.2_Escherichia_coli_str._K-12_substr._MG1655,_complete_genome_3960000:3961000	ASM666v1_AE005174.2	99.400	1000	6	0	1	1000	4824369	4825368	0.0	1814	plus
NC_000913.2_Escherichia_coli_str._K-12_substr._MG1655,_complete_genome_3960000:3961000	ASM2516v1_CP001846.1	99.400	1000	6	0	1	1000	4642905	4643904	0.0	1814	plus
NC_000913.2_Escherichia_coli_str._K-12_substr._MG1655,_complete_genome_3960000:3961000	ASM2222v1_CP001368.1	99.400	1000	6	0	1	1000	4814522	4815521	0.0	1814	plus
NC_000913.2_Escherichia_coli_str._K-12_substr._MG1655,_complete_genome_3960000:3961000	ASM17195v1_ABHQ01000006.1	99.400	1000	6	0	1	1000	37464	38463	0.0	1814	plus
NC_000913.2_Escherichia_coli_str._K-12_substr._MG1655,_complete_genome_3960000:3961000	ASM15512v1_CM000662.1	99.400	1000	6	0	1	1000	2004258	2003259	0.0	1814	minus
