NC_000913.2_Escherichia_coli_str._K-12_substr._MG1655,_complete_genome_870000:871000	SRR10358491_NODE_1_length_316522_cov_10.067103	100.000	1000	0	0	1	1000	137268	138267	0.0	1847	plus
NC_000913.2_Escherichia_coli_str._K-12_substr._MG1655,_complete_genome_870000:871000	SRR10358489_NODE_2_length_361112_cov_16.843946	100.000	1000	0	0	1	1000	137519	138518	0.0	1847	plus
NC_000913.2_Escherichia_coli_str._K-12_substr._MG1655,_complete_genome_870000:871000	SRR10358488_NODE_9_length_175923_cov_18.772873	100.000	1000	0	0	1	1000	139139	140138	0.0	1847	plus
NC_000913.2_Escherichia_coli_str._K-12_substr._MG1655,_complete_genome_870000:871000	SRR10358487_NODE_4_length_239915_cov_13.054765	100.000	1000	0	0	1	1000	102652	101653	0.0	1847	minus
NC_000913.2_Escherichia_coli_str._K-12_substr._MG1655,_complete_genome_870000:871000	SRR10358486_NODE_2_length_316163_cov_22.172335	100.000	1000	0	0	1	1000	136998	137997	0.0	1847	plus
NC_000913.2_Escherichia_coli_str._K-12_substr._MG1655,_complete_genome_870000:871000	SRR10358485_NODE_1_length_316175_cov_14.047515	100.000	1000	0	0	1	1000	136997	137996	0.0	1847	plus
NC_000913.2_Escherichia_coli_str._K-12_substr._MG1655,_complete_genome_870000:871000	ASM2516v1_CP001846.1	98.800	1000	12	0	1	1000	1092132	1093131	0.0	1781	plus
NC_000913.2_Escherichia_coli_str._K-12_substr._MG1655,_complete_genome_870000:871000	ASM886v1_BA000007.2	98.700	1000	13	0	1	1000	995112	996111	0.0	1775	plus
NC_000913.2_Escherichia_coli_str._K-12_substr._MG1655,_complete_genome_870000:871000	ASM666v1_AE005174.2	98.700	1000	13	0	1	1000	996770	997769	0.0	1775	plus
NC_000913.2_Escherichia_coli_str._K-12_substr._MG1655,_complete_genome_870000:871000	ASM2222v1_CP001368.1	98.700	1000	13	0	1	1000	1000068	1001067	0.0	1775	plus
NC_000913.2_Escherichia_coli_str._K-12_substr._MG1655,_complete_genome_870000:871000	ASM17195v1_ABHQ01000002.1	98.700	1000	13	0	1	1000	473067	474066	0.0	1775	plus
NC_000913.2_Escherichia_coli_str._K-12_substr._MG1655,_complete_genome_870000:871000	ASM15512v1_CM000662.1	98.700	1000	13	0	1	1000	265614	264615	0.0	1775	minus
