NC_000913.2_Escherichia_coli_str._K-12_substr._MG1655,_complete_genome_950000:951000	SRR10358491_NODE_1_length_316522_cov_10.067103	100.000	1000	0	0	1	1000	217269	218268	0.0	1847	plus
NC_000913.2_Escherichia_coli_str._K-12_substr._MG1655,_complete_genome_950000:951000	SRR10358489_NODE_2_length_361112_cov_16.843946	100.000	1000	0	0	1	1000	217519	218518	0.0	1847	plus
NC_000913.2_Escherichia_coli_str._K-12_substr._MG1655,_complete_genome_950000:951000	SRR10358488_NODE_11_length_142450_cov_18.046781	100.000	1000	0	0	1	1000	43197	44196	0.0	1847	plus
NC_000913.2_Escherichia_coli_str._K-12_substr._MG1655,_complete_genome_950000:951000	SRR10358487_NODE_4_length_239915_cov_13.054765	100.000	1000	0	0	1	1000	22652	21653	0.0	1847	minus
NC_000913.2_Escherichia_coli_str._K-12_substr._MG1655,_complete_genome_950000:951000	SRR10358486_NODE_2_length_316163_cov_22.172335	100.000	1000	0	0	1	1000	216998	217997	0.0	1847	plus
NC_000913.2_Escherichia_coli_str._K-12_substr._MG1655,_complete_genome_950000:951000	SRR10358485_NODE_1_length_316175_cov_14.047515	100.000	1000	0	0	1	1000	216998	217997	0.0	1847	plus
NC_000913.2_Escherichia_coli_str._K-12_substr._MG1655,_complete_genome_950000:951000	ASM886v1_BA000007.2	99.500	1000	5	0	1	1000	1080421	1081420	0.0	1820	plus
NC_000913.2_Escherichia_coli_str._K-12_substr._MG1655,_complete_genome_950000:951000	ASM666v1_AE005174.2	99.500	1000	5	0	1	1000	1169644	1170643	0.0	1820	plus
NC_000913.2_Escherichia_coli_str._K-12_substr._MG1655,_complete_genome_950000:951000	ASM2516v1_CP001846.1	99.500	1000	5	0	1	1000	1177433	1178432	0.0	1820	plus
NC_000913.2_Escherichia_coli_str._K-12_substr._MG1655,_complete_genome_950000:951000	ASM2222v1_CP001368.1	99.500	1000	5	0	1	1000	1085370	1086369	0.0	1820	plus
NC_000913.2_Escherichia_coli_str._K-12_substr._MG1655,_complete_genome_950000:951000	ASM17195v1_ABHQ01000029.1	99.500	1000	5	0	1	1000	34233	35232	0.0	1820	plus
NC_000913.2_Escherichia_coli_str._K-12_substr._MG1655,_complete_genome_950000:951000	ASM15512v1_CM000662.1	99.500	1000	5	0	1	1000	171118	170119	0.0	1820	minus
