NC_000913.2_Escherichia_coli_str._K-12_substr._MG1655,_complete_genome_3570000:3571000	SRR10358491_NODE_16_length_112487_cov_17.130509	100.000	1000	0	0	1	1000	11576	10577	0.0	1847	minus
NC_000913.2_Escherichia_coli_str._K-12_substr._MG1655,_complete_genome_3570000:3571000	SRR10358489_NODE_16_length_112487_cov_17.533019	100.000	1000	0	0	1	1000	11576	10577	0.0	1847	minus
NC_000913.2_Escherichia_coli_str._K-12_substr._MG1655,_complete_genome_3570000:3571000	SRR10358488_NODE_16_length_112487_cov_19.848362	100.000	1000	0	0	1	1000	100912	101911	0.0	1847	plus
NC_000913.2_Escherichia_coli_str._K-12_substr._MG1655,_complete_genome_3570000:3571000	SRR10358487_NODE_15_length_112487_cov_13.092275	100.000	1000	0	0	1	1000	11576	10577	0.0	1847	minus
NC_000913.2_Escherichia_coli_str._K-12_substr._MG1655,_complete_genome_3570000:3571000	SRR10358486_NODE_15_length_112487_cov_21.745461	100.000	1000	0	0	1	1000	11576	10577	0.0	1847	minus
NC_000913.2_Escherichia_coli_str._K-12_substr._MG1655,_complete_genome_3570000:3571000	SRR10358485_NODE_16_length_112486_cov_17.007610	100.000	1000	0	0	1	1000	100911	101910	0.0	1847	plus
NC_000913.2_Escherichia_coli_str._K-12_substr._MG1655,_complete_genome_3570000:3571000	ASM886v1_BA000007.2	98.900	1000	11	0	1	1000	4287778	4288777	0.0	1786	plus
NC_000913.2_Escherichia_coli_str._K-12_substr._MG1655,_complete_genome_3570000:3571000	ASM666v1_AE005174.2	98.900	1000	11	0	1	1000	4355000	4355999	0.0	1786	plus
NC_000913.2_Escherichia_coli_str._K-12_substr._MG1655,_complete_genome_3570000:3571000	ASM2516v1_CP001846.1	98.900	1000	11	0	1	1000	4176399	4177398	0.0	1786	plus
NC_000913.2_Escherichia_coli_str._K-12_substr._MG1655,_complete_genome_3570000:3571000	ASM2222v1_CP001368.1	98.900	1000	11	0	1	1000	4346899	4347898	0.0	1786	plus
NC_000913.2_Escherichia_coli_str._K-12_substr._MG1655,_complete_genome_3570000:3571000	ASM17195v1_ABHQ01000003.1	98.900	1000	11	0	1	1000	91172	92171	0.0	1786	plus
NC_000913.2_Escherichia_coli_str._K-12_substr._MG1655,_complete_genome_3570000:3571000	ASM15512v1_CM000662.1	98.900	1000	11	0	1	1000	2484688	2483689	0.0	1786	minus
