NC_000913.2_Escherichia_coli_str._K-12_substr._MG1655,_complete_genome_3080000:3081000	SRR10358491_NODE_13_length_132705_cov_14.750735	100.000	1000	0	0	1	1000	84415	85414	0.0	1847	plus
NC_000913.2_Escherichia_coli_str._K-12_substr._MG1655,_complete_genome_3080000:3081000	SRR10358489_NODE_13_length_132705_cov_17.822784	100.000	1000	0	0	1	1000	48291	47292	0.0	1847	minus
NC_000913.2_Escherichia_coli_str._K-12_substr._MG1655,_complete_genome_3080000:3081000	SRR10358488_NODE_13_length_132705_cov_20.492306	100.000	1000	0	0	1	1000	48291	47292	0.0	1847	minus
NC_000913.2_Escherichia_coli_str._K-12_substr._MG1655,_complete_genome_3080000:3081000	SRR10358487_NODE_11_length_132705_cov_13.267216	100.000	1000	0	0	1	1000	48291	47292	0.0	1847	minus
NC_000913.2_Escherichia_coli_str._K-12_substr._MG1655,_complete_genome_3080000:3081000	SRR10358486_NODE_14_length_116578_cov_22.471271	100.000	1000	0	0	1	1000	68288	69287	0.0	1847	plus
NC_000913.2_Escherichia_coli_str._K-12_substr._MG1655,_complete_genome_3080000:3081000	SRR10358485_NODE_13_length_132704_cov_17.210240	100.000	1000	0	0	1	1000	48291	47292	0.0	1847	minus
NC_000913.2_Escherichia_coli_str._K-12_substr._MG1655,_complete_genome_3080000:3081000	ASM886v1_BA000007.2	99.100	1000	9	0	1	1000	3822590	3823589	0.0	1797	plus
NC_000913.2_Escherichia_coli_str._K-12_substr._MG1655,_complete_genome_3080000:3081000	ASM666v1_AE005174.2	99.100	1000	9	0	1	1000	3889898	3890897	0.0	1797	plus
NC_000913.2_Escherichia_coli_str._K-12_substr._MG1655,_complete_genome_3080000:3081000	ASM2516v1_CP001846.1	99.100	1000	9	0	1	1000	3646594	3647593	0.0	1797	plus
NC_000913.2_Escherichia_coli_str._K-12_substr._MG1655,_complete_genome_3080000:3081000	ASM2222v1_CP001368.1	99.100	1000	9	0	1	1000	3881713	3882712	0.0	1797	plus
NC_000913.2_Escherichia_coli_str._K-12_substr._MG1655,_complete_genome_3080000:3081000	ASM17195v1_ABHQ01000011.1	99.100	1000	9	0	1	1000	29560	30559	0.0	1797	plus
NC_000913.2_Escherichia_coli_str._K-12_substr._MG1655,_complete_genome_3080000:3081000	ASM15512v1_CM000662.1	99.100	1000	9	0	1	1000	2949900	2948901	0.0	1797	minus
