NC_000913.2_Escherichia_coli_str._K-12_substr._MG1655,_complete_genome_4280000:4281000	SRR10358491_NODE_20_length_83038_cov_18.563689	100.000	1000	0	0	1	1000	69055	70054	0.0	1847	plus
NC_000913.2_Escherichia_coli_str._K-12_substr._MG1655,_complete_genome_4280000:4281000	SRR10358489_NODE_19_length_83038_cov_17.057845	100.000	1000	0	0	1	1000	13984	12985	0.0	1847	minus
NC_000913.2_Escherichia_coli_str._K-12_substr._MG1655,_complete_genome_4280000:4281000	SRR10358488_NODE_20_length_83038_cov_20.547117	100.000	1000	0	0	1	1000	13984	12985	0.0	1847	minus
NC_000913.2_Escherichia_coli_str._K-12_substr._MG1655,_complete_genome_4280000:4281000	SRR10358487_NODE_2_length_285698_cov_13.222764	100.000	1000	0	0	1	1000	216644	215645	0.0	1847	minus
NC_000913.2_Escherichia_coli_str._K-12_substr._MG1655,_complete_genome_4280000:4281000	SRR10358486_NODE_18_length_83038_cov_23.249219	100.000	1000	0	0	1	1000	13984	12985	0.0	1847	minus
NC_000913.2_Escherichia_coli_str._K-12_substr._MG1655,_complete_genome_4280000:4281000	SRR10358485_NODE_20_length_83036_cov_18.921649	100.000	1000	0	0	1	1000	13984	12985	0.0	1847	minus
NC_000913.2_Escherichia_coli_str._K-12_substr._MG1655,_complete_genome_4280000:4281000	ASM2516v1_CP001846.1	98.400	1000	16	0	1	1000	4983999	4984998	0.0	1759	plus
NC_000913.2_Escherichia_coli_str._K-12_substr._MG1655,_complete_genome_4280000:4281000	ASM886v1_BA000007.2	98.100	1000	19	0	1	1000	5135123	5136122	0.0	1742	plus
NC_000913.2_Escherichia_coli_str._K-12_substr._MG1655,_complete_genome_4280000:4281000	ASM666v1_AE005174.2	98.100	1000	19	0	1	1000	5165108	5166107	0.0	1742	plus
NC_000913.2_Escherichia_coli_str._K-12_substr._MG1655,_complete_genome_4280000:4281000	ASM2222v1_CP001368.1	98.100	1000	19	0	1	1000	5166384	5167383	0.0	1742	plus
NC_000913.2_Escherichia_coli_str._K-12_substr._MG1655,_complete_genome_4280000:4281000	ASM17195v1_ABHQ01000005.1	98.100	1000	19	0	1	1000	121885	122884	0.0	1742	plus
NC_000913.2_Escherichia_coli_str._K-12_substr._MG1655,_complete_genome_4280000:4281000	ASM15512v1_CM000662.1	98.100	1000	19	0	1	1000	1663278	1662279	0.0	1742	minus
