NC_000913.2_Escherichia_coli_str._K-12_substr._MG1655,_complete_genome_1780000:1781000	SRR10358491_NODE_6_length_208552_cov_7.941471	100.000	1000	0	0	1	1000	130554	131553	0.0	1847	plus
NC_000913.2_Escherichia_coli_str._K-12_substr._MG1655,_complete_genome_1780000:1781000	SRR10358489_NODE_1_length_414105_cov_16.439444	100.000	1000	0	0	1	1000	283550	282551	0.0	1847	minus
NC_000913.2_Escherichia_coli_str._K-12_substr._MG1655,_complete_genome_1780000:1781000	SRR10358488_NODE_1_length_414105_cov_16.407519	100.000	1000	0	0	1	1000	283550	282551	0.0	1847	minus
NC_000913.2_Escherichia_coli_str._K-12_substr._MG1655,_complete_genome_1780000:1781000	SRR10358487_NODE_1_length_414105_cov_12.682679	100.000	1000	0	0	1	1000	130556	131555	0.0	1847	plus
NC_000913.2_Escherichia_coli_str._K-12_substr._MG1655,_complete_genome_1780000:1781000	SRR10358486_NODE_1_length_414105_cov_23.445681	100.000	1000	0	0	1	1000	130556	131555	0.0	1847	plus
NC_000913.2_Escherichia_coli_str._K-12_substr._MG1655,_complete_genome_1780000:1781000	SRR10358485_NODE_5_length_228539_cov_14.517368	100.000	1000	0	0	1	1000	97984	96985	0.0	1847	minus
NC_000913.2_Escherichia_coli_str._K-12_substr._MG1655,_complete_genome_1780000:1781000	ASM886v1_BA000007.2	98.500	1000	15	0	1	1000	2381691	2382690	0.0	1764	plus
NC_000913.2_Escherichia_coli_str._K-12_substr._MG1655,_complete_genome_1780000:1781000	ASM666v1_AE005174.2	98.500	1000	15	0	1	1000	2456892	2457891	0.0	1764	plus
NC_000913.2_Escherichia_coli_str._K-12_substr._MG1655,_complete_genome_1780000:1781000	ASM2516v1_CP001846.1	98.500	1000	15	0	1	1000	2138988	2139987	0.0	1764	plus
NC_000913.2_Escherichia_coli_str._K-12_substr._MG1655,_complete_genome_1780000:1781000	ASM2222v1_CP001368.1	98.500	1000	15	0	1	1000	2286967	2287966	0.0	1764	plus
NC_000913.2_Escherichia_coli_str._K-12_substr._MG1655,_complete_genome_1780000:1781000	ASM17195v1_ABHQ01000013.1	98.500	1000	15	0	1	1000	24490	25489	0.0	1764	plus
NC_000913.2_Escherichia_coli_str._K-12_substr._MG1655,_complete_genome_1780000:1781000	ASM15512v1_CM000662.1	98.500	1000	15	0	1	1000	4452975	4451976	0.0	1764	minus
