NC_000913.2_Escherichia_coli_str._K-12_substr._MG1655,_complete_genome_1020000:1021000	SRR10358491_NODE_1_length_316522_cov_10.067103	100.000	1000	0	0	1	1000	287269	288268	0.0	1847	plus
NC_000913.2_Escherichia_coli_str._K-12_substr._MG1655,_complete_genome_1020000:1021000	SRR10358489_NODE_2_length_361112_cov_16.843946	100.000	1000	0	0	1	1000	287519	288518	0.0	1847	plus
NC_000913.2_Escherichia_coli_str._K-12_substr._MG1655,_complete_genome_1020000:1021000	SRR10358488_NODE_11_length_142450_cov_18.046781	100.000	1000	0	0	1	1000	113197	114196	0.0	1847	plus
NC_000913.2_Escherichia_coli_str._K-12_substr._MG1655,_complete_genome_1020000:1021000	SRR10358487_NODE_22_length_76851_cov_13.190384	100.000	1000	0	0	1	1000	47598	48597	0.0	1847	plus
NC_000913.2_Escherichia_coli_str._K-12_substr._MG1655,_complete_genome_1020000:1021000	SRR10358486_NODE_2_length_316163_cov_22.172335	100.000	1000	0	0	1	1000	286987	287986	0.0	1847	plus
NC_000913.2_Escherichia_coli_str._K-12_substr._MG1655,_complete_genome_1020000:1021000	SRR10358485_NODE_1_length_316175_cov_14.047515	100.000	1000	0	0	1	1000	286999	287998	0.0	1847	plus
NC_000913.2_Escherichia_coli_str._K-12_substr._MG1655,_complete_genome_1020000:1021000	ASM2516v1_CP001846.1	100.000	1000	0	0	1	1000	1247256	1248255	0.0	1847	plus
NC_000913.2_Escherichia_coli_str._K-12_substr._MG1655,_complete_genome_1020000:1021000	ASM886v1_BA000007.2	99.800	1000	2	0	1	1000	1150249	1151248	0.0	1836	plus
NC_000913.2_Escherichia_coli_str._K-12_substr._MG1655,_complete_genome_1020000:1021000	ASM666v1_AE005174.2	99.800	1000	2	0	1	1000	1239472	1240471	0.0	1836	plus
NC_000913.2_Escherichia_coli_str._K-12_substr._MG1655,_complete_genome_1020000:1021000	ASM2222v1_CP001368.1	99.800	1000	2	0	1	1000	1155197	1156196	0.0	1836	plus
NC_000913.2_Escherichia_coli_str._K-12_substr._MG1655,_complete_genome_1020000:1021000	ASM17195v1_ABHQ01000007.1	99.800	1000	2	0	1	1000	3431	4430	0.0	1836	plus
NC_000913.2_Escherichia_coli_str._K-12_substr._MG1655,_complete_genome_1020000:1021000	ASM15512v1_CM000662.1	99.800	1000	2	0	1	1000	101292	100293	0.0	1836	minus
