NC_000913.2_Escherichia_coli_str._K-12_substr._MG1655,_complete_genome_1070000:1071000	SRR10358491_NODE_29_length_44018_cov_9.874576	100.000	1000	0	0	1	1000	23594	22595	0.0	1847	minus
NC_000913.2_Escherichia_coli_str._K-12_substr._MG1655,_complete_genome_1070000:1071000	SRR10358489_NODE_2_length_361112_cov_16.843946	100.000	1000	0	0	1	1000	337519	338518	0.0	1847	plus
NC_000913.2_Escherichia_coli_str._K-12_substr._MG1655,_complete_genome_1070000:1071000	SRR10358488_NODE_29_length_43953_cov_17.768471	100.000	1000	0	0	1	1000	23594	22595	0.0	1847	minus
NC_000913.2_Escherichia_coli_str._K-12_substr._MG1655,_complete_genome_1070000:1071000	SRR10358487_NODE_30_length_43953_cov_12.790992	100.000	1000	0	0	1	1000	23594	22595	0.0	1847	minus
NC_000913.2_Escherichia_coli_str._K-12_substr._MG1655,_complete_genome_1070000:1071000	SRR10358486_NODE_28_length_43953_cov_24.258614	100.000	1000	0	0	1	1000	23594	22595	0.0	1847	minus
NC_000913.2_Escherichia_coli_str._K-12_substr._MG1655,_complete_genome_1070000:1071000	SRR10358485_NODE_29_length_43949_cov_14.750240	100.000	1000	0	0	1	1000	20356	21355	0.0	1847	plus
NC_000913.2_Escherichia_coli_str._K-12_substr._MG1655,_complete_genome_1070000:1071000	ASM886v1_BA000007.2	98.798	998	12	0	3	1000	1311600	1312597	0.0	1777	plus
NC_000913.2_Escherichia_coli_str._K-12_substr._MG1655,_complete_genome_1070000:1071000	ASM666v1_AE005174.2	98.798	998	12	0	3	1000	1395372	1396369	0.0	1777	plus
NC_000913.2_Escherichia_coli_str._K-12_substr._MG1655,_complete_genome_1070000:1071000	ASM2516v1_CP001846.1	98.798	998	12	0	3	1000	1296361	1297358	0.0	1777	plus
NC_000913.2_Escherichia_coli_str._K-12_substr._MG1655,_complete_genome_1070000:1071000	ASM2222v1_CP001368.1	98.798	998	12	0	3	1000	1254211	1255208	0.0	1777	plus
NC_000913.2_Escherichia_coli_str._K-12_substr._MG1655,_complete_genome_1070000:1071000	ASM17195v1_ABHQ01000007.1	98.798	998	12	0	3	1000	102447	103444	0.0	1777	plus
NC_000913.2_Escherichia_coli_str._K-12_substr._MG1655,_complete_genome_1070000:1071000	ASM15512v1_CM000662.1	98.798	998	12	0	3	1000	5519579	5518582	0.0	1777	minus
