NC_000913.2_Escherichia_coli_str._K-12_substr._MG1655,_complete_genome_4295000:4296000	SRR10358491_NODE_39_length_30032_cov_16.261929	100.000	1000	0	0	1	1000	935	1934	0.0	1847	plus
NC_000913.2_Escherichia_coli_str._K-12_substr._MG1655,_complete_genome_4295000:4296000	SRR10358489_NODE_37_length_30032_cov_16.369671	100.000	1000	0	0	1	1000	29098	28099	0.0	1847	minus
NC_000913.2_Escherichia_coli_str._K-12_substr._MG1655,_complete_genome_4295000:4296000	SRR10358488_NODE_38_length_30032_cov_18.630697	100.000	1000	0	0	1	1000	29098	28099	0.0	1847	minus
NC_000913.2_Escherichia_coli_str._K-12_substr._MG1655,_complete_genome_4295000:4296000	SRR10358487_NODE_2_length_285698_cov_13.222764	100.000	1000	0	0	1	1000	201755	200756	0.0	1847	minus
NC_000913.2_Escherichia_coli_str._K-12_substr._MG1655,_complete_genome_4295000:4296000	SRR10358486_NODE_39_length_30032_cov_20.180839	100.000	1000	0	0	1	1000	29098	28099	0.0	1847	minus
NC_000913.2_Escherichia_coli_str._K-12_substr._MG1655,_complete_genome_4295000:4296000	SRR10358485_NODE_38_length_30032_cov_15.919311	99.900	1000	1	0	1	1000	29098	28099	0.0	1842	minus
NC_000913.2_Escherichia_coli_str._K-12_substr._MG1655,_complete_genome_4295000:4296000	ASM2516v1_CP001846.1	99.400	1000	6	0	1	1000	4998539	4999538	0.0	1814	plus
NC_000913.2_Escherichia_coli_str._K-12_substr._MG1655,_complete_genome_4295000:4296000	ASM886v1_BA000007.2	99.300	1000	7	0	1	1000	5149663	5150662	0.0	1808	plus
NC_000913.2_Escherichia_coli_str._K-12_substr._MG1655,_complete_genome_4295000:4296000	ASM666v1_AE005174.2	99.300	1000	7	0	1	1000	5179648	5180647	0.0	1808	plus
NC_000913.2_Escherichia_coli_str._K-12_substr._MG1655,_complete_genome_4295000:4296000	ASM2222v1_CP001368.1	99.300	1000	7	0	1	1000	5180924	5181923	0.0	1808	plus
NC_000913.2_Escherichia_coli_str._K-12_substr._MG1655,_complete_genome_4295000:4296000	ASM17195v1_ABHQ01000005.1	99.300	1000	7	0	1	1000	136425	137424	0.0	1808	plus
NC_000913.2_Escherichia_coli_str._K-12_substr._MG1655,_complete_genome_4295000:4296000	ASM15512v1_CM000662.1	99.300	1000	7	0	1	1000	1648738	1647739	0.0	1808	minus
