NC_000913.2_Escherichia_coli_str._K-12_substr._MG1655,_complete_genome_145000:146000	SRR10358491_NODE_8_length_203442_cov_13.984477	100.000	1000	0	0	1	1000	124692	125691	0.0	1847	plus
NC_000913.2_Escherichia_coli_str._K-12_substr._MG1655,_complete_genome_145000:146000	SRR10358489_NODE_7_length_203442_cov_17.652416	100.000	1000	0	0	1	1000	78751	77752	0.0	1847	minus
NC_000913.2_Escherichia_coli_str._K-12_substr._MG1655,_complete_genome_145000:146000	SRR10358488_NODE_6_length_203314_cov_20.563264	100.000	1000	0	0	1	1000	124564	125563	0.0	1847	plus
NC_000913.2_Escherichia_coli_str._K-12_substr._MG1655,_complete_genome_145000:146000	SRR10358487_NODE_7_length_203314_cov_13.372553	100.000	1000	0	0	1	1000	124564	125563	0.0	1847	plus
NC_000913.2_Escherichia_coli_str._K-12_substr._MG1655,_complete_genome_145000:146000	SRR10358486_NODE_7_length_203442_cov_22.011185	100.000	1000	0	0	1	1000	124692	125691	0.0	1847	plus
NC_000913.2_Escherichia_coli_str._K-12_substr._MG1655,_complete_genome_145000:146000	SRR10358485_NODE_4_length_239298_cov_15.881290	100.000	1000	0	0	1	1000	160548	161547	0.0	1847	plus
NC_000913.2_Escherichia_coli_str._K-12_substr._MG1655,_complete_genome_145000:146000	ASM2516v1_CP001846.1	98.200	1000	18	0	1	1000	149329	150328	0.0	1748	plus
NC_000913.2_Escherichia_coli_str._K-12_substr._MG1655,_complete_genome_145000:146000	ASM886v1_BA000007.2	98.100	1000	19	0	1	1000	149373	150372	0.0	1742	plus
NC_000913.2_Escherichia_coli_str._K-12_substr._MG1655,_complete_genome_145000:146000	ASM666v1_AE005174.2	98.100	1000	19	0	1	1000	149374	150373	0.0	1742	plus
NC_000913.2_Escherichia_coli_str._K-12_substr._MG1655,_complete_genome_145000:146000	ASM2222v1_CP001368.1	98.100	1000	19	0	1	1000	149354	150353	0.0	1742	plus
NC_000913.2_Escherichia_coli_str._K-12_substr._MG1655,_complete_genome_145000:146000	ASM17195v1_ABHQ01000012.1	98.100	1000	19	0	1	1000	84873	85872	0.0	1742	plus
NC_000913.2_Escherichia_coli_str._K-12_substr._MG1655,_complete_genome_145000:146000	ASM15512v1_CM000662.1	98.100	1000	19	0	1	1000	1150678	1149679	0.0	1742	minus
