NC_000913.2_Escherichia_coli_str._K-12_substr._MG1655,_complete_genome_3865000:3866000	SRR10358489_NODE_9_length_176019_cov_17.200299	100.000	1000	0	0	1	1000	74742	73743	0.0	1847	minus
NC_000913.2_Escherichia_coli_str._K-12_substr._MG1655,_complete_genome_3865000:3866000	SRR10358488_NODE_7_length_178712_cov_21.132391	100.000	1000	0	0	1	1000	103970	104969	0.0	1847	plus
NC_000913.2_Escherichia_coli_str._K-12_substr._MG1655,_complete_genome_3865000:3866000	SRR10358487_NODE_8_length_175868_cov_13.003135	100.000	1000	0	0	1	1000	74591	73592	0.0	1847	minus
NC_000913.2_Escherichia_coli_str._K-12_substr._MG1655,_complete_genome_3865000:3866000	SRR10358486_NODE_8_length_178711_cov_23.726185	100.000	1000	0	0	1	1000	103970	104969	0.0	1847	plus
NC_000913.2_Escherichia_coli_str._K-12_substr._MG1655,_complete_genome_3865000:3866000	SRR10358485_NODE_9_length_178561_cov_21.674995	100.000	1000	0	0	1	1000	74592	73593	0.0	1847	minus
NC_000913.2_Escherichia_coli_str._K-12_substr._MG1655,_complete_genome_3865000:3866000	SRR10358491_NODE_10_length_176019_cov_21.745196	99.900	1000	1	0	1	1000	74743	73744	0.0	1842	minus
NC_000913.2_Escherichia_coli_str._K-12_substr._MG1655,_complete_genome_3865000:3866000	ASM886v1_BA000007.2	99.100	1000	9	0	1	1000	4657962	4658961	0.0	1797	plus
NC_000913.2_Escherichia_coli_str._K-12_substr._MG1655,_complete_genome_3865000:3866000	ASM666v1_AE005174.2	99.100	1000	9	0	1	1000	4726945	4727944	0.0	1797	plus
NC_000913.2_Escherichia_coli_str._K-12_substr._MG1655,_complete_genome_3865000:3866000	ASM2516v1_CP001846.1	99.100	1000	9	0	1	1000	4545456	4546455	0.0	1797	plus
NC_000913.2_Escherichia_coli_str._K-12_substr._MG1655,_complete_genome_3865000:3866000	ASM2222v1_CP001368.1	99.100	1000	9	0	1	1000	4717109	4718108	0.0	1797	plus
NC_000913.2_Escherichia_coli_str._K-12_substr._MG1655,_complete_genome_3865000:3866000	ASM17195v1_ABHQ01000003.1	99.100	1000	9	0	1	1000	461383	462382	0.0	1797	plus
NC_000913.2_Escherichia_coli_str._K-12_substr._MG1655,_complete_genome_3865000:3866000	ASM15512v1_CM000662.1	98.608	1006	8	2	1	1000	2101611	2100606	0.0	1775	minus
