NC_000913.2_Escherichia_coli_str._K-12_substr._MG1655,_complete_genome_990000:991000	SRR10358491_NODE_1_length_316522_cov_10.067103	100.000	1000	0	0	1	1000	257269	258268	0.0	1847	plus
NC_000913.2_Escherichia_coli_str._K-12_substr._MG1655,_complete_genome_990000:991000	SRR10358489_NODE_2_length_361112_cov_16.843946	100.000	1000	0	0	1	1000	257519	258518	0.0	1847	plus
NC_000913.2_Escherichia_coli_str._K-12_substr._MG1655,_complete_genome_990000:991000	SRR10358488_NODE_11_length_142450_cov_18.046781	100.000	1000	0	0	1	1000	83197	84196	0.0	1847	plus
NC_000913.2_Escherichia_coli_str._K-12_substr._MG1655,_complete_genome_990000:991000	SRR10358487_NODE_22_length_76851_cov_13.190384	100.000	1000	0	0	1	1000	17598	18597	0.0	1847	plus
NC_000913.2_Escherichia_coli_str._K-12_substr._MG1655,_complete_genome_990000:991000	SRR10358486_NODE_2_length_316163_cov_22.172335	100.000	1000	0	0	1	1000	256987	257986	0.0	1847	plus
NC_000913.2_Escherichia_coli_str._K-12_substr._MG1655,_complete_genome_990000:991000	SRR10358485_NODE_1_length_316175_cov_14.047515	100.000	1000	0	0	1	1000	256998	257997	0.0	1847	plus
NC_000913.2_Escherichia_coli_str._K-12_substr._MG1655,_complete_genome_990000:991000	ASM886v1_BA000007.2	98.398	999	16	0	2	1000	1120250	1121248	0.0	1757	plus
NC_000913.2_Escherichia_coli_str._K-12_substr._MG1655,_complete_genome_990000:991000	ASM666v1_AE005174.2	98.398	999	16	0	2	1000	1209473	1210471	0.0	1757	plus
NC_000913.2_Escherichia_coli_str._K-12_substr._MG1655,_complete_genome_990000:991000	ASM2516v1_CP001846.1	98.398	999	16	0	2	1000	1217260	1218258	0.0	1757	plus
NC_000913.2_Escherichia_coli_str._K-12_substr._MG1655,_complete_genome_990000:991000	ASM2222v1_CP001368.1	98.398	999	16	0	2	1000	1125199	1126197	0.0	1757	plus
NC_000913.2_Escherichia_coli_str._K-12_substr._MG1655,_complete_genome_990000:991000	ASM17195v1_ABHQ01000033.1	98.398	999	16	0	2	1000	25893	24895	0.0	1757	minus
NC_000913.2_Escherichia_coli_str._K-12_substr._MG1655,_complete_genome_990000:991000	ASM15512v1_CM000662.1	98.398	999	16	0	2	1000	131289	130291	0.0	1757	minus
