NC_000913.2_Escherichia_coli_str._K-12_substr._MG1655,_complete_genome_3565000:3566000	SRR10358491_NODE_16_length_112487_cov_17.130509	100.000	1000	0	0	1	1000	16576	15577	0.0	1847	minus
NC_000913.2_Escherichia_coli_str._K-12_substr._MG1655,_complete_genome_3565000:3566000	SRR10358489_NODE_16_length_112487_cov_17.533019	100.000	1000	0	0	1	1000	16576	15577	0.0	1847	minus
NC_000913.2_Escherichia_coli_str._K-12_substr._MG1655,_complete_genome_3565000:3566000	SRR10358488_NODE_16_length_112487_cov_19.848362	100.000	1000	0	0	1	1000	95912	96911	0.0	1847	plus
NC_000913.2_Escherichia_coli_str._K-12_substr._MG1655,_complete_genome_3565000:3566000	SRR10358487_NODE_15_length_112487_cov_13.092275	100.000	1000	0	0	1	1000	16576	15577	0.0	1847	minus
NC_000913.2_Escherichia_coli_str._K-12_substr._MG1655,_complete_genome_3565000:3566000	SRR10358486_NODE_15_length_112487_cov_21.745461	100.000	1000	0	0	1	1000	16576	15577	0.0	1847	minus
NC_000913.2_Escherichia_coli_str._K-12_substr._MG1655,_complete_genome_3565000:3566000	SRR10358485_NODE_16_length_112486_cov_17.007610	99.900	1000	1	0	1	1000	95911	96910	0.0	1842	plus
NC_000913.2_Escherichia_coli_str._K-12_substr._MG1655,_complete_genome_3565000:3566000	ASM886v1_BA000007.2	99.200	1000	8	0	1	1000	4282778	4283777	0.0	1803	plus
NC_000913.2_Escherichia_coli_str._K-12_substr._MG1655,_complete_genome_3565000:3566000	ASM666v1_AE005174.2	99.200	1000	8	0	1	1000	4350000	4350999	0.0	1803	plus
NC_000913.2_Escherichia_coli_str._K-12_substr._MG1655,_complete_genome_3565000:3566000	ASM2516v1_CP001846.1	99.200	1000	8	0	1	1000	4171399	4172398	0.0	1803	plus
NC_000913.2_Escherichia_coli_str._K-12_substr._MG1655,_complete_genome_3565000:3566000	ASM2222v1_CP001368.1	99.200	1000	8	0	1	1000	4341899	4342898	0.0	1803	plus
NC_000913.2_Escherichia_coli_str._K-12_substr._MG1655,_complete_genome_3565000:3566000	ASM17195v1_ABHQ01000003.1	99.200	1000	8	0	1	1000	86172	87171	0.0	1803	plus
NC_000913.2_Escherichia_coli_str._K-12_substr._MG1655,_complete_genome_3565000:3566000	ASM15512v1_CM000662.1	99.200	1000	8	0	1	1000	2489688	2488689	0.0	1803	minus
