NC_000913.2_Escherichia_coli_str._K-12_substr._MG1655,_complete_genome_1510000:1511000	SRR10358491_NODE_25_length_58529_cov_8.104260	100.000	1000	0	0	1	1000	16477	15478	0.0	1847	minus
NC_000913.2_Escherichia_coli_str._K-12_substr._MG1655,_complete_genome_1510000:1511000	SRR10358489_NODE_24_length_58064_cov_15.965911	100.000	1000	0	0	1	1000	16477	15478	0.0	1847	minus
NC_000913.2_Escherichia_coli_str._K-12_substr._MG1655,_complete_genome_1510000:1511000	SRR10358488_NODE_25_length_58064_cov_16.571224	100.000	1000	0	0	1	1000	16477	15478	0.0	1847	minus
NC_000913.2_Escherichia_coli_str._K-12_substr._MG1655,_complete_genome_1510000:1511000	SRR10358487_NODE_26_length_58064_cov_13.577144	100.000	1000	0	0	1	1000	41588	42587	0.0	1847	plus
NC_000913.2_Escherichia_coli_str._K-12_substr._MG1655,_complete_genome_1510000:1511000	SRR10358486_NODE_23_length_58064_cov_24.328322	100.000	1000	0	0	1	1000	41588	42587	0.0	1847	plus
NC_000913.2_Escherichia_coli_str._K-12_substr._MG1655,_complete_genome_1510000:1511000	SRR10358485_NODE_25_length_58063_cov_14.453449	100.000	1000	0	0	1	1000	16477	15478	0.0	1847	minus
NC_000913.2_Escherichia_coli_str._K-12_substr._MG1655,_complete_genome_1510000:1511000	ASM886v1_BA000007.2	97.800	1000	22	0	1	1000	2027740	2028739	0.0	1725	plus
NC_000913.2_Escherichia_coli_str._K-12_substr._MG1655,_complete_genome_1510000:1511000	ASM666v1_AE005174.2	97.800	1000	22	0	1	1000	2060733	2059734	0.0	1725	minus
NC_000913.2_Escherichia_coli_str._K-12_substr._MG1655,_complete_genome_1510000:1511000	ASM2516v1_CP001846.1	97.800	1000	22	0	1	1000	1832210	1833209	0.0	1725	plus
NC_000913.2_Escherichia_coli_str._K-12_substr._MG1655,_complete_genome_1510000:1511000	ASM2222v1_CP001368.1	97.800	1000	22	0	1	1000	1941307	1942306	0.0	1725	plus
NC_000913.2_Escherichia_coli_str._K-12_substr._MG1655,_complete_genome_1510000:1511000	ASM17195v1_ABHQ01000009.1	97.800	1000	22	0	1	1000	6719	7718	0.0	1725	plus
NC_000913.2_Escherichia_coli_str._K-12_substr._MG1655,_complete_genome_1510000:1511000	ASM15512v1_CM000662.1	97.800	1000	22	0	1	1000	4773820	4772821	0.0	1725	minus
