NC_000913.2_Escherichia_coli_str._K-12_substr._MG1655,_complete_genome_4055000:4056000	SRR10358491_NODE_14_length_125911_cov_19.123243	100.000	1000	0	0	1	1000	16464	17463	0.0	1847	plus
NC_000913.2_Escherichia_coli_str._K-12_substr._MG1655,_complete_genome_4055000:4056000	SRR10358489_NODE_14_length_125911_cov_17.665220	100.000	1000	0	0	1	1000	16464	17463	0.0	1847	plus
NC_000913.2_Escherichia_coli_str._K-12_substr._MG1655,_complete_genome_4055000:4056000	SRR10358488_NODE_14_length_125911_cov_21.567998	100.000	1000	0	0	1	1000	16464	17463	0.0	1847	plus
NC_000913.2_Escherichia_coli_str._K-12_substr._MG1655,_complete_genome_4055000:4056000	SRR10358487_NODE_12_length_125911_cov_13.168662	100.000	1000	0	0	1	1000	16464	17463	0.0	1847	plus
NC_000913.2_Escherichia_coli_str._K-12_substr._MG1655,_complete_genome_4055000:4056000	SRR10358486_NODE_12_length_125911_cov_22.441829	100.000	1000	0	0	1	1000	16464	17463	0.0	1847	plus
NC_000913.2_Escherichia_coli_str._K-12_substr._MG1655,_complete_genome_4055000:4056000	SRR10358485_NODE_14_length_126056_cov_18.097674	100.000	1000	0	0	1	1000	16464	17463	0.0	1847	plus
NC_000913.2_Escherichia_coli_str._K-12_substr._MG1655,_complete_genome_4055000:4056000	ASM886v1_BA000007.2	99.000	1000	10	0	1	1000	4852777	4853776	0.0	1792	plus
NC_000913.2_Escherichia_coli_str._K-12_substr._MG1655,_complete_genome_4055000:4056000	ASM2516v1_CP001846.1	99.000	1000	10	0	1	1000	4740049	4741048	0.0	1792	plus
NC_000913.2_Escherichia_coli_str._K-12_substr._MG1655,_complete_genome_4055000:4056000	ASM2222v1_CP001368.1	99.000	1000	10	0	1	1000	4911952	4912951	0.0	1792	plus
NC_000913.2_Escherichia_coli_str._K-12_substr._MG1655,_complete_genome_4055000:4056000	ASM17195v1_ABHQ01000006.1	99.000	1000	10	0	1	1000	134894	135893	0.0	1792	plus
NC_000913.2_Escherichia_coli_str._K-12_substr._MG1655,_complete_genome_4055000:4056000	ASM15512v1_CM000662.1	99.000	1000	10	0	1	1000	1906866	1905867	0.0	1792	minus
NC_000913.2_Escherichia_coli_str._K-12_substr._MG1655,_complete_genome_4055000:4056000	ASM666v1_AE005174.2	98.900	1000	11	0	1	1000	4921541	4922540	0.0	1788	plus
