NC_000913.2_Escherichia_coli_str._K-12_substr._MG1655,_complete_genome_2525000:2526000	SRR10358491_NODE_5_length_210722_cov_11.226102	100.000	1000	0	0	1	1000	11489	12488	0.0	1847	plus
NC_000913.2_Escherichia_coli_str._K-12_substr._MG1655,_complete_genome_2525000:2526000	SRR10358489_NODE_5_length_210722_cov_16.906422	100.000	1000	0	0	1	1000	11488	12487	0.0	1847	plus
NC_000913.2_Escherichia_coli_str._K-12_substr._MG1655,_complete_genome_2525000:2526000	SRR10358488_NODE_4_length_210723_cov_18.722716	100.000	1000	0	0	1	1000	11489	12488	0.0	1847	plus
NC_000913.2_Escherichia_coli_str._K-12_substr._MG1655,_complete_genome_2525000:2526000	SRR10358487_NODE_5_length_210723_cov_12.686608	100.000	1000	0	0	1	1000	199235	198236	0.0	1847	minus
NC_000913.2_Escherichia_coli_str._K-12_substr._MG1655,_complete_genome_2525000:2526000	SRR10358486_NODE_6_length_210723_cov_21.594005	100.000	1000	0	0	1	1000	199235	198236	0.0	1847	minus
NC_000913.2_Escherichia_coli_str._K-12_substr._MG1655,_complete_genome_2525000:2526000	SRR10358485_NODE_6_length_210724_cov_13.704744	100.000	1000	0	0	1	1000	11490	12489	0.0	1847	plus
NC_000913.2_Escherichia_coli_str._K-12_substr._MG1655,_complete_genome_2525000:2526000	ASM886v1_BA000007.2	99.500	1000	5	0	1	1000	3251358	3252357	0.0	1820	plus
NC_000913.2_Escherichia_coli_str._K-12_substr._MG1655,_complete_genome_2525000:2526000	ASM666v1_AE005174.2	99.500	1000	5	0	1	1000	3321204	3322203	0.0	1820	plus
NC_000913.2_Escherichia_coli_str._K-12_substr._MG1655,_complete_genome_2525000:2526000	ASM2516v1_CP001846.1	99.500	1000	5	0	1	1000	2992429	2993428	0.0	1820	plus
NC_000913.2_Escherichia_coli_str._K-12_substr._MG1655,_complete_genome_2525000:2526000	ASM2222v1_CP001368.1	99.500	1000	5	0	1	1000	3310346	3311345	0.0	1820	plus
NC_000913.2_Escherichia_coli_str._K-12_substr._MG1655,_complete_genome_2525000:2526000	ASM15512v1_CM000662.1	99.500	1000	5	0	1	1000	3520903	3519904	0.0	1820	minus
