NC_000913.2_Escherichia_coli_str._K-12_substr._MG1655,_complete_genome_1970000:1971000	SRR10358489_NODE_1_length_414105_cov_16.439444	100.000	1000	0	0	1	1000	93550	92551	0.0	1847	minus
NC_000913.2_Escherichia_coli_str._K-12_substr._MG1655,_complete_genome_1970000:1971000	SRR10358488_NODE_1_length_414105_cov_16.407519	100.000	1000	0	0	1	1000	93550	92551	0.0	1847	minus
NC_000913.2_Escherichia_coli_str._K-12_substr._MG1655,_complete_genome_1970000:1971000	SRR10358487_NODE_1_length_414105_cov_12.682679	100.000	1000	0	0	1	1000	320556	321555	0.0	1847	plus
NC_000913.2_Escherichia_coli_str._K-12_substr._MG1655,_complete_genome_1970000:1971000	SRR10358486_NODE_1_length_414105_cov_23.445681	100.000	1000	0	0	1	1000	320556	321555	0.0	1847	plus
NC_000913.2_Escherichia_coli_str._K-12_substr._MG1655,_complete_genome_1970000:1971000	SRR10358485_NODE_8_length_185826_cov_15.041890	100.000	1000	0	0	1	1000	93551	92552	0.0	1847	minus
NC_000913.2_Escherichia_coli_str._K-12_substr._MG1655,_complete_genome_1970000:1971000	SRR10358491_NODE_7_length_205567_cov_8.951061	99.900	1000	1	0	1	1000	93549	92550	0.0	1842	minus
NC_000913.2_Escherichia_coli_str._K-12_substr._MG1655,_complete_genome_1970000:1971000	ASM886v1_BA000007.2	98.500	1000	13	1	1	1000	2573907	2574904	0.0	1762	plus
NC_000913.2_Escherichia_coli_str._K-12_substr._MG1655,_complete_genome_1970000:1971000	ASM2222v1_CP001368.1	98.500	1000	13	1	1	1000	2479182	2480179	0.0	1762	plus
NC_000913.2_Escherichia_coli_str._K-12_substr._MG1655,_complete_genome_1970000:1971000	ASM17195v1_ABHQ01000021.1	98.500	1000	13	1	1	1000	65369	66366	0.0	1762	plus
NC_000913.2_Escherichia_coli_str._K-12_substr._MG1655,_complete_genome_1970000:1971000	ASM15512v1_CM000662.1	98.500	1000	13	1	1	1000	4259449	4258452	0.0	1762	minus
NC_000913.2_Escherichia_coli_str._K-12_substr._MG1655,_complete_genome_1970000:1971000	ASM2516v1_CP001846.1	98.400	1000	14	1	1	1000	2364865	2365862	0.0	1757	plus
NC_000913.2_Escherichia_coli_str._K-12_substr._MG1655,_complete_genome_1970000:1971000	ASM666v1_AE005174.2	98.300	1000	15	1	1	1000	2649118	2650115	0.0	1755	plus
