NC_000913.2_Escherichia_coli_str._K-12_substr._MG1655,_complete_genome_1830000:1831000	SRR10358491_NODE_6_length_208552_cov_7.941471	100.000	1000	0	0	1	1000	180553	181552	0.0	1847	plus
NC_000913.2_Escherichia_coli_str._K-12_substr._MG1655,_complete_genome_1830000:1831000	SRR10358489_NODE_1_length_414105_cov_16.439444	100.000	1000	0	0	1	1000	233550	232551	0.0	1847	minus
NC_000913.2_Escherichia_coli_str._K-12_substr._MG1655,_complete_genome_1830000:1831000	SRR10358488_NODE_1_length_414105_cov_16.407519	100.000	1000	0	0	1	1000	233550	232551	0.0	1847	minus
NC_000913.2_Escherichia_coli_str._K-12_substr._MG1655,_complete_genome_1830000:1831000	SRR10358487_NODE_1_length_414105_cov_12.682679	100.000	1000	0	0	1	1000	180556	181555	0.0	1847	plus
NC_000913.2_Escherichia_coli_str._K-12_substr._MG1655,_complete_genome_1830000:1831000	SRR10358486_NODE_1_length_414105_cov_23.445681	100.000	1000	0	0	1	1000	180556	181555	0.0	1847	plus
NC_000913.2_Escherichia_coli_str._K-12_substr._MG1655,_complete_genome_1830000:1831000	SRR10358485_NODE_5_length_228539_cov_14.517368	99.900	1000	1	0	1	1000	47985	46986	0.0	1842	minus
NC_000913.2_Escherichia_coli_str._K-12_substr._MG1655,_complete_genome_1830000:1831000	ASM2516v1_CP001846.1	97.490	996	25	0	1	996	2224538	2225533	0.0	1701	plus
NC_000913.2_Escherichia_coli_str._K-12_substr._MG1655,_complete_genome_1830000:1831000	ASM886v1_BA000007.2	97.289	996	27	0	1	996	2431489	2432484	0.0	1690	plus
NC_000913.2_Escherichia_coli_str._K-12_substr._MG1655,_complete_genome_1830000:1831000	ASM666v1_AE005174.2	97.289	996	27	0	1	996	2506692	2507687	0.0	1690	plus
NC_000913.2_Escherichia_coli_str._K-12_substr._MG1655,_complete_genome_1830000:1831000	ASM2222v1_CP001368.1	97.289	996	27	0	1	996	2336764	2337759	0.0	1690	plus
NC_000913.2_Escherichia_coli_str._K-12_substr._MG1655,_complete_genome_1830000:1831000	ASM17195v1_ABHQ01000013.1	97.289	996	27	0	1	996	74287	75282	0.0	1690	plus
NC_000913.2_Escherichia_coli_str._K-12_substr._MG1655,_complete_genome_1830000:1831000	ASM15512v1_CM000662.1	97.197	999	28	0	1	999	4401863	4400865	0.0	1690	minus
