NC_000913.2_Escherichia_coli_str._K-12_substr._MG1655,_complete_genome_2290000:2291000	SRR10358491_NODE_4_length_224192_cov_11.038949	100.000	1000	0	0	1	1000	222200	221201	0.0	1847	minus
NC_000913.2_Escherichia_coli_str._K-12_substr._MG1655,_complete_genome_2290000:2291000	SRR10358489_NODE_42_length_14713_cov_16.904703	100.000	1000	0	0	1	1000	1993	2992	0.0	1847	plus
NC_000913.2_Escherichia_coli_str._K-12_substr._MG1655,_complete_genome_2290000:2291000	SRR10358488_NODE_46_length_14713_cov_18.481078	100.000	1000	0	0	1	1000	1993	2992	0.0	1847	plus
NC_000913.2_Escherichia_coli_str._K-12_substr._MG1655,_complete_genome_2290000:2291000	SRR10358487_NODE_45_length_14713_cov_12.566571	100.000	1000	0	0	1	1000	1993	2992	0.0	1847	plus
NC_000913.2_Escherichia_coli_str._K-12_substr._MG1655,_complete_genome_2290000:2291000	SRR10358486_NODE_5_length_224417_cov_23.200682	100.000	1000	0	0	1	1000	1993	2992	0.0	1847	plus
NC_000913.2_Escherichia_coli_str._K-12_substr._MG1655,_complete_genome_2290000:2291000	SRR10358485_NODE_7_length_196189_cov_15.353786	100.000	1000	0	0	1	1000	194197	193198	0.0	1847	minus
NC_000913.2_Escherichia_coli_str._K-12_substr._MG1655,_complete_genome_2290000:2291000	ASM886v1_BA000007.2	98.600	1000	14	0	1	1000	3025532	3026531	0.0	1770	plus
NC_000913.2_Escherichia_coli_str._K-12_substr._MG1655,_complete_genome_2290000:2291000	ASM666v1_AE005174.2	98.600	1000	14	0	1	1000	3096801	3097800	0.0	1770	plus
NC_000913.2_Escherichia_coli_str._K-12_substr._MG1655,_complete_genome_2290000:2291000	ASM2516v1_CP001846.1	98.600	1000	14	0	1	1000	2766287	2767286	0.0	1770	plus
NC_000913.2_Escherichia_coli_str._K-12_substr._MG1655,_complete_genome_2290000:2291000	ASM2222v1_CP001368.1	98.600	1000	14	0	1	1000	3021765	3022764	0.0	1770	plus
NC_000913.2_Escherichia_coli_str._K-12_substr._MG1655,_complete_genome_2290000:2291000	ASM17195v1_ABHQ01000004.1	98.600	1000	14	0	1	1000	67268	68267	0.0	1770	plus
NC_000913.2_Escherichia_coli_str._K-12_substr._MG1655,_complete_genome_2290000:2291000	ASM15512v1_CM000662.1	98.600	1000	14	0	1	1000	3807896	3806897	0.0	1770	minus
