NC_000913.2_Escherichia_coli_str._K-12_substr._MG1655,_complete_genome_1560000:1561000	SRR10358491_NODE_42_length_19090_cov_7.087697	100.000	1000	0	0	1	1000	8820	7821	0.0	1847	minus
NC_000913.2_Escherichia_coli_str._K-12_substr._MG1655,_complete_genome_1560000:1561000	SRR10358489_NODE_31_length_38008_cov_16.496265	100.000	1000	0	0	1	1000	29189	30188	0.0	1847	plus
NC_000913.2_Escherichia_coli_str._K-12_substr._MG1655,_complete_genome_1560000:1561000	SRR10358488_NODE_44_length_18556_cov_15.580552	100.000	1000	0	0	1	1000	9737	10736	0.0	1847	plus
NC_000913.2_Escherichia_coli_str._K-12_substr._MG1655,_complete_genome_1560000:1561000	SRR10358487_NODE_44_length_18556_cov_13.134842	100.000	1000	0	0	1	1000	9737	10736	0.0	1847	plus
NC_000913.2_Escherichia_coli_str._K-12_substr._MG1655,_complete_genome_1560000:1561000	SRR10358486_NODE_44_length_18556_cov_24.540887	100.000	1000	0	0	1	1000	8820	7821	0.0	1847	minus
NC_000913.2_Escherichia_coli_str._K-12_substr._MG1655,_complete_genome_1560000:1561000	SRR10358485_NODE_44_length_18556_cov_15.797385	100.000	1000	0	0	1	1000	8820	7821	0.0	1847	minus
NC_000913.2_Escherichia_coli_str._K-12_substr._MG1655,_complete_genome_1560000:1561000	ASM886v1_BA000007.2	98.300	1000	17	0	1	1000	2083219	2084218	0.0	1753	plus
NC_000913.2_Escherichia_coli_str._K-12_substr._MG1655,_complete_genome_1560000:1561000	ASM666v1_AE005174.2	98.300	1000	17	0	1	1000	2005253	2004254	0.0	1753	minus
NC_000913.2_Escherichia_coli_str._K-12_substr._MG1655,_complete_genome_1560000:1561000	ASM2516v1_CP001846.1	98.300	1000	17	0	1	1000	1887506	1888505	0.0	1753	plus
NC_000913.2_Escherichia_coli_str._K-12_substr._MG1655,_complete_genome_1560000:1561000	ASM2222v1_CP001368.1	98.300	1000	17	0	1	1000	1996796	1997795	0.0	1753	plus
NC_000913.2_Escherichia_coli_str._K-12_substr._MG1655,_complete_genome_1560000:1561000	ASM17195v1_ABHQ01000009.1	98.300	1000	17	0	1	1000	62210	63209	0.0	1753	plus
NC_000913.2_Escherichia_coli_str._K-12_substr._MG1655,_complete_genome_1560000:1561000	ASM15512v1_CM000662.1	98.300	1000	17	0	1	1000	4718345	4717346	0.0	1753	minus
