NC_000913.2_Escherichia_coli_str._K-12_substr._MG1655,_complete_genome_1625000:1626000	SRR10358489_NODE_22_length_61401_cov_16.196935	100.000	1000	0	0	1	1000	6100	5101	0.0	1847	minus
NC_000913.2_Escherichia_coli_str._K-12_substr._MG1655,_complete_genome_1625000:1626000	SRR10358487_NODE_24_length_61401_cov_12.485426	100.000	1000	0	0	1	1000	6100	5101	0.0	1847	minus
NC_000913.2_Escherichia_coli_str._K-12_substr._MG1655,_complete_genome_1625000:1626000	SRR10358486_NODE_21_length_61401_cov_26.849757	100.000	1000	0	0	1	1000	55302	56301	0.0	1847	plus
NC_000913.2_Escherichia_coli_str._K-12_substr._MG1655,_complete_genome_1625000:1626000	SRR10358491_NODE_23_length_61401_cov_8.235238	99.900	1000	1	0	1	1000	55302	56301	0.0	1842	plus
NC_000913.2_Escherichia_coli_str._K-12_substr._MG1655,_complete_genome_1625000:1626000	SRR10358488_NODE_23_length_61401_cov_14.802151	99.900	1000	1	0	1	1000	6100	5101	0.0	1842	minus
NC_000913.2_Escherichia_coli_str._K-12_substr._MG1655,_complete_genome_1625000:1626000	SRR10358485_NODE_23_length_61402_cov_17.404570	99.900	1000	1	0	1	1000	6100	5101	0.0	1842	minus
NC_000913.2_Escherichia_coli_str._K-12_substr._MG1655,_complete_genome_1625000:1626000	ASM886v1_BA000007.2	98.800	1000	12	0	1	1000	2152873	2153872	0.0	1781	plus
NC_000913.2_Escherichia_coli_str._K-12_substr._MG1655,_complete_genome_1625000:1626000	ASM666v1_AE005174.2	98.800	1000	12	0	1	1000	1935598	1934599	0.0	1781	minus
NC_000913.2_Escherichia_coli_str._K-12_substr._MG1655,_complete_genome_1625000:1626000	ASM2516v1_CP001846.1	98.800	1000	12	0	1	1000	1957790	1958789	0.0	1781	plus
NC_000913.2_Escherichia_coli_str._K-12_substr._MG1655,_complete_genome_1625000:1626000	ASM2222v1_CP001368.1	98.800	1000	12	0	1	1000	2066449	2067448	0.0	1781	plus
NC_000913.2_Escherichia_coli_str._K-12_substr._MG1655,_complete_genome_1625000:1626000	ASM17195v1_ABHQ01000009.1	98.800	1000	12	0	1	1000	131864	132863	0.0	1781	plus
NC_000913.2_Escherichia_coli_str._K-12_substr._MG1655,_complete_genome_1625000:1626000	ASM15512v1_CM000662.1	98.800	1000	12	0	1	1000	4651343	4650344	0.0	1781	minus
