NC_000913.2_Escherichia_coli_str._K-12_substr._MG1655,_complete_genome_1930000:1931000	SRR10358491_NODE_7_length_205567_cov_8.951061	100.000	1000	0	0	1	1000	133549	132550	0.0	1847	minus
NC_000913.2_Escherichia_coli_str._K-12_substr._MG1655,_complete_genome_1930000:1931000	SRR10358489_NODE_1_length_414105_cov_16.439444	100.000	1000	0	0	1	1000	133550	132551	0.0	1847	minus
NC_000913.2_Escherichia_coli_str._K-12_substr._MG1655,_complete_genome_1930000:1931000	SRR10358488_NODE_1_length_414105_cov_16.407519	100.000	1000	0	0	1	1000	133550	132551	0.0	1847	minus
NC_000913.2_Escherichia_coli_str._K-12_substr._MG1655,_complete_genome_1930000:1931000	SRR10358487_NODE_1_length_414105_cov_12.682679	100.000	1000	0	0	1	1000	280556	281555	0.0	1847	plus
NC_000913.2_Escherichia_coli_str._K-12_substr._MG1655,_complete_genome_1930000:1931000	SRR10358486_NODE_1_length_414105_cov_23.445681	100.000	1000	0	0	1	1000	280556	281555	0.0	1847	plus
NC_000913.2_Escherichia_coli_str._K-12_substr._MG1655,_complete_genome_1930000:1931000	SRR10358485_NODE_8_length_185826_cov_15.041890	100.000	1000	0	0	1	1000	133551	132552	0.0	1847	minus
NC_000913.2_Escherichia_coli_str._K-12_substr._MG1655,_complete_genome_1930000:1931000	ASM886v1_BA000007.2	99.600	1000	4	0	1	1000	2533808	2534807	0.0	1825	plus
NC_000913.2_Escherichia_coli_str._K-12_substr._MG1655,_complete_genome_1930000:1931000	ASM2516v1_CP001846.1	99.600	1000	4	0	1	1000	2324766	2325765	0.0	1825	plus
NC_000913.2_Escherichia_coli_str._K-12_substr._MG1655,_complete_genome_1930000:1931000	ASM2222v1_CP001368.1	99.600	1000	4	0	1	1000	2439083	2440082	0.0	1825	plus
NC_000913.2_Escherichia_coli_str._K-12_substr._MG1655,_complete_genome_1930000:1931000	ASM17195v1_ABHQ01000021.1	99.600	1000	4	0	1	1000	25269	26268	0.0	1825	plus
NC_000913.2_Escherichia_coli_str._K-12_substr._MG1655,_complete_genome_1930000:1931000	ASM15512v1_CM000662.1	99.600	1000	4	0	1	1000	4299548	4298549	0.0	1825	minus
NC_000913.2_Escherichia_coli_str._K-12_substr._MG1655,_complete_genome_1930000:1931000	ASM666v1_AE005174.2	99.200	1000	8	0	1	1000	2609016	2610015	0.0	1810	plus
