NC_000913.2_Escherichia_coli_str._K-12_substr._MG1655,_complete_genome_3175000:3176000	SRR10358491_NODE_27_length_55003_cov_15.707049	100.000	1000	0	0	1	1000	9243	8244	0.0	1847	minus
NC_000913.2_Escherichia_coli_str._K-12_substr._MG1655,_complete_genome_3175000:3176000	SRR10358488_NODE_27_length_55004_cov_19.342420	100.000	1000	0	0	1	1000	9243	8244	0.0	1847	minus
NC_000913.2_Escherichia_coli_str._K-12_substr._MG1655,_complete_genome_3175000:3176000	SRR10358487_NODE_28_length_55003_cov_13.196789	100.000	1000	0	0	1	1000	9243	8244	0.0	1847	minus
NC_000913.2_Escherichia_coli_str._K-12_substr._MG1655,_complete_genome_3175000:3176000	SRR10358486_NODE_25_length_55005_cov_22.393382	100.000	1000	0	0	1	1000	45762	46761	0.0	1847	plus
NC_000913.2_Escherichia_coli_str._K-12_substr._MG1655,_complete_genome_3175000:3176000	SRR10358485_NODE_27_length_55004_cov_17.457933	100.000	1000	0	0	1	1000	9243	8244	0.0	1847	minus
NC_000913.2_Escherichia_coli_str._K-12_substr._MG1655,_complete_genome_3175000:3176000	SRR10358489_NODE_26_length_55004_cov_17.735044	99.900	1000	1	0	1	1000	9243	8244	0.0	1842	minus
NC_000913.2_Escherichia_coli_str._K-12_substr._MG1655,_complete_genome_3175000:3176000	ASM886v1_BA000007.2	99.400	1000	6	0	1	1000	3923073	3924072	0.0	1814	plus
NC_000913.2_Escherichia_coli_str._K-12_substr._MG1655,_complete_genome_3175000:3176000	ASM666v1_AE005174.2	99.400	1000	6	0	1	1000	3990388	3991387	0.0	1814	plus
NC_000913.2_Escherichia_coli_str._K-12_substr._MG1655,_complete_genome_3175000:3176000	ASM2516v1_CP001846.1	99.400	1000	6	0	1	1000	3812827	3813826	0.0	1814	plus
NC_000913.2_Escherichia_coli_str._K-12_substr._MG1655,_complete_genome_3175000:3176000	ASM2222v1_CP001368.1	99.400	1000	6	0	1	1000	3982197	3983196	0.0	1814	plus
NC_000913.2_Escherichia_coli_str._K-12_substr._MG1655,_complete_genome_3175000:3176000	ASM17195v1_ABHQ01000011.1	99.400	1000	6	0	1	1000	130044	131043	0.0	1814	plus
NC_000913.2_Escherichia_coli_str._K-12_substr._MG1655,_complete_genome_3175000:3176000	ASM15512v1_CM000662.1	99.400	1000	6	0	1	1000	2849415	2848416	0.0	1814	minus
