NC_000913.2_Escherichia_coli_str._K-12_substr._MG1655,_complete_genome_3440000:3441000	SRR10358491_NODE_30_length_41423_cov_17.655172	100.000	1000	0	0	1	1000	13112	14111	0.0	1847	plus
NC_000913.2_Escherichia_coli_str._K-12_substr._MG1655,_complete_genome_3440000:3441000	SRR10358489_NODE_27_length_41423_cov_17.252785	100.000	1000	0	0	1	1000	13112	14111	0.0	1847	plus
NC_000913.2_Escherichia_coli_str._K-12_substr._MG1655,_complete_genome_3440000:3441000	SRR10358488_NODE_30_length_41423_cov_22.722007	100.000	1000	0	0	1	1000	13112	14111	0.0	1847	plus
NC_000913.2_Escherichia_coli_str._K-12_substr._MG1655,_complete_genome_3440000:3441000	SRR10358487_NODE_31_length_41423_cov_14.012035	100.000	1000	0	0	1	1000	28312	27313	0.0	1847	minus
NC_000913.2_Escherichia_coli_str._K-12_substr._MG1655,_complete_genome_3440000:3441000	SRR10358486_NODE_29_length_41423_cov_25.170404	100.000	1000	0	0	1	1000	28312	27313	0.0	1847	minus
NC_000913.2_Escherichia_coli_str._K-12_substr._MG1655,_complete_genome_3440000:3441000	SRR10358485_NODE_30_length_41423_cov_19.786275	100.000	1000	0	0	1	1000	13112	14111	0.0	1847	plus
NC_000913.2_Escherichia_coli_str._K-12_substr._MG1655,_complete_genome_3440000:3441000	ASM886v1_BA000007.2	100.000	1000	0	0	1	1000	4176991	4177990	0.0	1847	plus
NC_000913.2_Escherichia_coli_str._K-12_substr._MG1655,_complete_genome_3440000:3441000	ASM666v1_AE005174.2	100.000	1000	0	0	1	1000	4244213	4245212	0.0	1847	plus
NC_000913.2_Escherichia_coli_str._K-12_substr._MG1655,_complete_genome_3440000:3441000	ASM2516v1_CP001846.1	100.000	1000	0	0	1	1000	4065719	4066718	0.0	1847	plus
NC_000913.2_Escherichia_coli_str._K-12_substr._MG1655,_complete_genome_3440000:3441000	ASM2222v1_CP001368.1	100.000	1000	0	0	1	1000	4236112	4237111	0.0	1847	plus
NC_000913.2_Escherichia_coli_str._K-12_substr._MG1655,_complete_genome_3440000:3441000	ASM17195v1_ABHQ01000030.1	100.000	1000	0	0	1	1000	37787	38786	0.0	1847	plus
NC_000913.2_Escherichia_coli_str._K-12_substr._MG1655,_complete_genome_3440000:3441000	ASM15512v1_CM000662.1	100.000	1000	0	0	1	1000	2595475	2594476	0.0	1847	minus
