NC_000913.2_Escherichia_coli_str._K-12_substr._MG1655,_complete_genome_2635000:2636000	SRR10358491_NODE_5_length_210722_cov_11.226102	100.000	1000	0	0	1	1000	121488	122487	0.0	1847	plus
NC_000913.2_Escherichia_coli_str._K-12_substr._MG1655,_complete_genome_2635000:2636000	SRR10358489_NODE_5_length_210722_cov_16.906422	100.000	1000	0	0	1	1000	121488	122487	0.0	1847	plus
NC_000913.2_Escherichia_coli_str._K-12_substr._MG1655,_complete_genome_2635000:2636000	SRR10358488_NODE_4_length_210723_cov_18.722716	100.000	1000	0	0	1	1000	121489	122488	0.0	1847	plus
NC_000913.2_Escherichia_coli_str._K-12_substr._MG1655,_complete_genome_2635000:2636000	SRR10358487_NODE_5_length_210723_cov_12.686608	100.000	1000	0	0	1	1000	89235	88236	0.0	1847	minus
NC_000913.2_Escherichia_coli_str._K-12_substr._MG1655,_complete_genome_2635000:2636000	SRR10358486_NODE_6_length_210723_cov_21.594005	100.000	1000	0	0	1	1000	89235	88236	0.0	1847	minus
NC_000913.2_Escherichia_coli_str._K-12_substr._MG1655,_complete_genome_2635000:2636000	SRR10358485_NODE_6_length_210724_cov_13.704744	100.000	1000	0	0	1	1000	121490	122489	0.0	1847	plus
NC_000913.2_Escherichia_coli_str._K-12_substr._MG1655,_complete_genome_2635000:2636000	ASM2516v1_CP001846.1	99.800	1000	2	0	1	1000	3094185	3095184	0.0	1836	plus
NC_000913.2_Escherichia_coli_str._K-12_substr._MG1655,_complete_genome_2635000:2636000	ASM886v1_BA000007.2	99.700	1000	3	0	1	1000	3353120	3354119	0.0	1831	plus
NC_000913.2_Escherichia_coli_str._K-12_substr._MG1655,_complete_genome_2635000:2636000	ASM666v1_AE005174.2	99.700	1000	3	0	1	1000	3422956	3423955	0.0	1831	plus
NC_000913.2_Escherichia_coli_str._K-12_substr._MG1655,_complete_genome_2635000:2636000	ASM2222v1_CP001368.1	99.700	1000	3	0	1	1000	3412108	3413107	0.0	1831	plus
NC_000913.2_Escherichia_coli_str._K-12_substr._MG1655,_complete_genome_2635000:2636000	ASM17195v1_ABHQ01000001.1	99.700	1000	3	0	1	1000	101312	102311	0.0	1831	plus
NC_000913.2_Escherichia_coli_str._K-12_substr._MG1655,_complete_genome_2635000:2636000	ASM15512v1_CM000662.1	99.700	1000	3	0	1	1000	3419139	3418140	0.0	1831	minus
