NC_000913.2_Escherichia_coli_str._K-12_substr._MG1655,_complete_genome_895000:896000	SRR10358491_NODE_1_length_316522_cov_10.067103	100.000	1000	0	0	1	1000	162268	163267	0.0	1847	plus
NC_000913.2_Escherichia_coli_str._K-12_substr._MG1655,_complete_genome_895000:896000	SRR10358489_NODE_2_length_361112_cov_16.843946	100.000	1000	0	0	1	1000	162519	163518	0.0	1847	plus
NC_000913.2_Escherichia_coli_str._K-12_substr._MG1655,_complete_genome_895000:896000	SRR10358488_NODE_9_length_175923_cov_18.772873	100.000	1000	0	0	1	1000	164139	165138	0.0	1847	plus
NC_000913.2_Escherichia_coli_str._K-12_substr._MG1655,_complete_genome_895000:896000	SRR10358487_NODE_4_length_239915_cov_13.054765	100.000	1000	0	0	1	1000	77652	76653	0.0	1847	minus
NC_000913.2_Escherichia_coli_str._K-12_substr._MG1655,_complete_genome_895000:896000	SRR10358486_NODE_2_length_316163_cov_22.172335	100.000	1000	0	0	1	1000	161998	162997	0.0	1847	plus
NC_000913.2_Escherichia_coli_str._K-12_substr._MG1655,_complete_genome_895000:896000	SRR10358485_NODE_1_length_316175_cov_14.047515	100.000	1000	0	0	1	1000	161997	162996	0.0	1847	plus
NC_000913.2_Escherichia_coli_str._K-12_substr._MG1655,_complete_genome_895000:896000	ASM2516v1_CP001846.1	97.500	1000	25	0	1	1000	1118085	1119084	0.0	1709	plus
NC_000913.2_Escherichia_coli_str._K-12_substr._MG1655,_complete_genome_895000:896000	ASM886v1_BA000007.2	97.400	1000	26	0	1	1000	1021065	1022064	0.0	1703	plus
NC_000913.2_Escherichia_coli_str._K-12_substr._MG1655,_complete_genome_895000:896000	ASM666v1_AE005174.2	97.400	1000	26	0	1	1000	1022724	1023723	0.0	1703	plus
NC_000913.2_Escherichia_coli_str._K-12_substr._MG1655,_complete_genome_895000:896000	ASM2222v1_CP001368.1	97.400	1000	26	0	1	1000	1026021	1027020	0.0	1703	plus
NC_000913.2_Escherichia_coli_str._K-12_substr._MG1655,_complete_genome_895000:896000	ASM17195v1_ABHQ01000002.1	97.400	1000	26	0	1	1000	499020	500019	0.0	1703	plus
NC_000913.2_Escherichia_coli_str._K-12_substr._MG1655,_complete_genome_895000:896000	ASM15512v1_CM000662.1	97.400	1000	26	0	1	1000	239661	238662	0.0	1703	minus
