NC_000913.2_Escherichia_coli_str._K-12_substr._MG1655,_complete_genome_3515000:3516000	SRR10358491_NODE_16_length_112487_cov_17.130509	100.000	1000	0	0	1	1000	66576	65577	0.0	1847	minus
NC_000913.2_Escherichia_coli_str._K-12_substr._MG1655,_complete_genome_3515000:3516000	SRR10358489_NODE_16_length_112487_cov_17.533019	100.000	1000	0	0	1	1000	66576	65577	0.0	1847	minus
NC_000913.2_Escherichia_coli_str._K-12_substr._MG1655,_complete_genome_3515000:3516000	SRR10358488_NODE_16_length_112487_cov_19.848362	100.000	1000	0	0	1	1000	45912	46911	0.0	1847	plus
NC_000913.2_Escherichia_coli_str._K-12_substr._MG1655,_complete_genome_3515000:3516000	SRR10358487_NODE_15_length_112487_cov_13.092275	100.000	1000	0	0	1	1000	66576	65577	0.0	1847	minus
NC_000913.2_Escherichia_coli_str._K-12_substr._MG1655,_complete_genome_3515000:3516000	SRR10358486_NODE_15_length_112487_cov_21.745461	100.000	1000	0	0	1	1000	66576	65577	0.0	1847	minus
NC_000913.2_Escherichia_coli_str._K-12_substr._MG1655,_complete_genome_3515000:3516000	SRR10358485_NODE_16_length_112486_cov_17.007610	100.000	1000	0	0	1	1000	45912	46911	0.0	1847	plus
NC_000913.2_Escherichia_coli_str._K-12_substr._MG1655,_complete_genome_3515000:3516000	ASM886v1_BA000007.2	99.700	1000	3	0	1	1000	4229175	4230174	0.0	1831	plus
NC_000913.2_Escherichia_coli_str._K-12_substr._MG1655,_complete_genome_3515000:3516000	ASM666v1_AE005174.2	99.700	1000	3	0	1	1000	4296397	4297396	0.0	1831	plus
NC_000913.2_Escherichia_coli_str._K-12_substr._MG1655,_complete_genome_3515000:3516000	ASM2516v1_CP001846.1	99.700	1000	3	0	1	1000	4117903	4118902	0.0	1831	plus
NC_000913.2_Escherichia_coli_str._K-12_substr._MG1655,_complete_genome_3515000:3516000	ASM2222v1_CP001368.1	99.700	1000	3	0	1	1000	4288296	4289295	0.0	1831	plus
NC_000913.2_Escherichia_coli_str._K-12_substr._MG1655,_complete_genome_3515000:3516000	ASM17195v1_ABHQ01000003.1	99.700	1000	3	0	1	1000	32569	33568	0.0	1831	plus
NC_000913.2_Escherichia_coli_str._K-12_substr._MG1655,_complete_genome_3515000:3516000	ASM15512v1_CM000662.1	99.700	1000	3	0	1	1000	2543291	2542292	0.0	1831	minus
