NC_000913.2_Escherichia_coli_str._K-12_substr._MG1655,_complete_genome_3715000:3716000	SRR10358491_NODE_17_length_95317_cov_19.885124	100.000	1000	0	0	1	1000	49768	50767	0.0	1847	plus
NC_000913.2_Escherichia_coli_str._K-12_substr._MG1655,_complete_genome_3715000:3716000	SRR10358489_NODE_17_length_95180_cov_16.964872	100.000	1000	0	0	1	1000	45413	44414	0.0	1847	minus
NC_000913.2_Escherichia_coli_str._K-12_substr._MG1655,_complete_genome_3715000:3716000	SRR10358488_NODE_17_length_95318_cov_20.159626	100.000	1000	0	0	1	1000	49768	50767	0.0	1847	plus
NC_000913.2_Escherichia_coli_str._K-12_substr._MG1655,_complete_genome_3715000:3716000	SRR10358487_NODE_17_length_95318_cov_12.563919	100.000	1000	0	0	1	1000	45551	44552	0.0	1847	minus
NC_000913.2_Escherichia_coli_str._K-12_substr._MG1655,_complete_genome_3715000:3716000	SRR10358486_NODE_27_length_53549_cov_21.722025	100.000	1000	0	0	1	1000	3782	2783	0.0	1847	minus
NC_000913.2_Escherichia_coli_str._K-12_substr._MG1655,_complete_genome_3715000:3716000	SRR10358485_NODE_17_length_95180_cov_20.049541	100.000	1000	0	0	1	1000	49768	50767	0.0	1847	plus
NC_000913.2_Escherichia_coli_str._K-12_substr._MG1655,_complete_genome_3715000:3716000	ASM2516v1_CP001846.1	99.300	1000	7	0	1	1000	4353136	4354135	0.0	1808	plus
NC_000913.2_Escherichia_coli_str._K-12_substr._MG1655,_complete_genome_3715000:3716000	ASM886v1_BA000007.2	99.200	1000	8	0	1	1000	4464552	4465551	0.0	1803	plus
NC_000913.2_Escherichia_coli_str._K-12_substr._MG1655,_complete_genome_3715000:3716000	ASM666v1_AE005174.2	99.200	1000	8	0	1	1000	4531781	4532780	0.0	1803	plus
NC_000913.2_Escherichia_coli_str._K-12_substr._MG1655,_complete_genome_3715000:3716000	ASM2222v1_CP001368.1	99.200	1000	8	0	1	1000	4523698	4524697	0.0	1803	plus
NC_000913.2_Escherichia_coli_str._K-12_substr._MG1655,_complete_genome_3715000:3716000	ASM17195v1_ABHQ01000003.1	99.200	1000	8	0	1	1000	267971	268970	0.0	1803	plus
NC_000913.2_Escherichia_coli_str._K-12_substr._MG1655,_complete_genome_3715000:3716000	ASM15512v1_CM000662.1	99.200	1000	8	0	1	1000	2307946	2306947	0.0	1803	minus
