NC_000913.2_Escherichia_coli_str._K-12_substr._MG1655,_complete_genome_860000:861000	SRR10358491_NODE_1_length_316522_cov_10.067103	100.000	1000	0	0	1	1000	127268	128267	0.0	1847	plus
NC_000913.2_Escherichia_coli_str._K-12_substr._MG1655,_complete_genome_860000:861000	SRR10358489_NODE_2_length_361112_cov_16.843946	100.000	1000	0	0	1	1000	127519	128518	0.0	1847	plus
NC_000913.2_Escherichia_coli_str._K-12_substr._MG1655,_complete_genome_860000:861000	SRR10358488_NODE_9_length_175923_cov_18.772873	100.000	1000	0	0	1	1000	129139	130138	0.0	1847	plus
NC_000913.2_Escherichia_coli_str._K-12_substr._MG1655,_complete_genome_860000:861000	SRR10358487_NODE_4_length_239915_cov_13.054765	100.000	1000	0	0	1	1000	112652	111653	0.0	1847	minus
NC_000913.2_Escherichia_coli_str._K-12_substr._MG1655,_complete_genome_860000:861000	SRR10358486_NODE_2_length_316163_cov_22.172335	100.000	1000	0	0	1	1000	126998	127997	0.0	1847	plus
NC_000913.2_Escherichia_coli_str._K-12_substr._MG1655,_complete_genome_860000:861000	SRR10358485_NODE_1_length_316175_cov_14.047515	100.000	1000	0	0	1	1000	126997	127996	0.0	1847	plus
NC_000913.2_Escherichia_coli_str._K-12_substr._MG1655,_complete_genome_860000:861000	ASM2516v1_CP001846.1	97.300	1000	27	0	1	1000	1082029	1083028	0.0	1698	plus
NC_000913.2_Escherichia_coli_str._K-12_substr._MG1655,_complete_genome_860000:861000	ASM886v1_BA000007.2	97.200	1000	28	0	1	1000	985010	986009	0.0	1692	plus
NC_000913.2_Escherichia_coli_str._K-12_substr._MG1655,_complete_genome_860000:861000	ASM666v1_AE005174.2	97.200	1000	28	0	1	1000	986668	987667	0.0	1692	plus
NC_000913.2_Escherichia_coli_str._K-12_substr._MG1655,_complete_genome_860000:861000	ASM2222v1_CP001368.1	97.200	1000	28	0	1	1000	989966	990965	0.0	1692	plus
NC_000913.2_Escherichia_coli_str._K-12_substr._MG1655,_complete_genome_860000:861000	ASM17195v1_ABHQ01000002.1	97.200	1000	28	0	1	1000	462965	463964	0.0	1692	plus
NC_000913.2_Escherichia_coli_str._K-12_substr._MG1655,_complete_genome_860000:861000	ASM15512v1_CM000662.1	97.200	1000	28	0	1	1000	275716	274717	0.0	1692	minus
