NC_000913.2_Escherichia_coli_str._K-12_substr._MG1655,_complete_genome_4155000:4156000	SRR10358491_NODE_14_length_125911_cov_19.123243	100.000	1000	0	0	1	1000	116464	117463	0.0	1847	plus
NC_000913.2_Escherichia_coli_str._K-12_substr._MG1655,_complete_genome_4155000:4156000	SRR10358489_NODE_14_length_125911_cov_17.665220	100.000	1000	0	0	1	1000	116464	117463	0.0	1847	plus
NC_000913.2_Escherichia_coli_str._K-12_substr._MG1655,_complete_genome_4155000:4156000	SRR10358488_NODE_14_length_125911_cov_21.567998	100.000	1000	0	0	1	1000	116464	117463	0.0	1847	plus
NC_000913.2_Escherichia_coli_str._K-12_substr._MG1655,_complete_genome_4155000:4156000	SRR10358487_NODE_12_length_125911_cov_13.168662	100.000	1000	0	0	1	1000	116464	117463	0.0	1847	plus
NC_000913.2_Escherichia_coli_str._K-12_substr._MG1655,_complete_genome_4155000:4156000	SRR10358486_NODE_12_length_125911_cov_22.441829	100.000	1000	0	0	1	1000	116464	117463	0.0	1847	plus
NC_000913.2_Escherichia_coli_str._K-12_substr._MG1655,_complete_genome_4155000:4156000	SRR10358485_NODE_14_length_126056_cov_18.097674	100.000	1000	0	0	1	1000	116464	117463	0.0	1847	plus
NC_000913.2_Escherichia_coli_str._K-12_substr._MG1655,_complete_genome_4155000:4156000	ASM886v1_BA000007.2	97.700	1000	23	0	1	1000	4963615	4964614	0.0	1720	plus
NC_000913.2_Escherichia_coli_str._K-12_substr._MG1655,_complete_genome_4155000:4156000	ASM2516v1_CP001846.1	97.700	1000	23	0	1	1000	4851257	4852256	0.0	1720	plus
NC_000913.2_Escherichia_coli_str._K-12_substr._MG1655,_complete_genome_4155000:4156000	ASM2222v1_CP001368.1	97.700	1000	23	0	1	1000	5022788	5023787	0.0	1720	plus
NC_000913.2_Escherichia_coli_str._K-12_substr._MG1655,_complete_genome_4155000:4156000	ASM17195v1_ABHQ01000006.1	97.700	1000	23	0	1	1000	245730	246729	0.0	1720	plus
NC_000913.2_Escherichia_coli_str._K-12_substr._MG1655,_complete_genome_4155000:4156000	ASM15512v1_CM000662.1	97.700	1000	23	0	1	1000	1796028	1795029	0.0	1720	minus
NC_000913.2_Escherichia_coli_str._K-12_substr._MG1655,_complete_genome_4155000:4156000	ASM666v1_AE005174.2	97.600	1000	24	0	1	1000	5032381	5033380	0.0	1714	plus
