NC_000913.2_Escherichia_coli_str._K-12_substr._MG1655,_complete_genome_2265000:2266000	SRR10358491_NODE_15_length_117743_cov_10.087871	100.000	1000	0	0	1	1000	95677	96676	0.0	1847	plus
NC_000913.2_Escherichia_coli_str._K-12_substr._MG1655,_complete_genome_2265000:2266000	SRR10358489_NODE_15_length_117743_cov_16.552960	100.000	1000	0	0	1	1000	22067	21068	0.0	1847	minus
NC_000913.2_Escherichia_coli_str._K-12_substr._MG1655,_complete_genome_2265000:2266000	SRR10358488_NODE_15_length_117743_cov_17.253324	100.000	1000	0	0	1	1000	95677	96676	0.0	1847	plus
NC_000913.2_Escherichia_coli_str._K-12_substr._MG1655,_complete_genome_2265000:2266000	SRR10358487_NODE_14_length_117761_cov_12.682184	100.000	1000	0	0	1	1000	22084	21085	0.0	1847	minus
NC_000913.2_Escherichia_coli_str._K-12_substr._MG1655,_complete_genome_2265000:2266000	SRR10358486_NODE_13_length_117744_cov_23.558032	100.000	1000	0	0	1	1000	95678	96677	0.0	1847	plus
NC_000913.2_Escherichia_coli_str._K-12_substr._MG1655,_complete_genome_2265000:2266000	SRR10358485_NODE_15_length_117742_cov_14.240182	100.000	1000	0	0	1	1000	22067	21068	0.0	1847	minus
NC_000913.2_Escherichia_coli_str._K-12_substr._MG1655,_complete_genome_2265000:2266000	ASM2516v1_CP001846.1	98.700	1000	13	0	1	1000	2742663	2743662	0.0	1775	plus
NC_000913.2_Escherichia_coli_str._K-12_substr._MG1655,_complete_genome_2265000:2266000	ASM886v1_BA000007.2	98.600	1000	14	0	1	1000	3001908	3002907	0.0	1770	plus
NC_000913.2_Escherichia_coli_str._K-12_substr._MG1655,_complete_genome_2265000:2266000	ASM666v1_AE005174.2	98.600	1000	14	0	1	1000	3073176	3074175	0.0	1770	plus
NC_000913.2_Escherichia_coli_str._K-12_substr._MG1655,_complete_genome_2265000:2266000	ASM2222v1_CP001368.1	98.600	1000	14	0	1	1000	2998141	2999140	0.0	1770	plus
NC_000913.2_Escherichia_coli_str._K-12_substr._MG1655,_complete_genome_2265000:2266000	ASM17195v1_ABHQ01000004.1	98.600	1000	14	0	1	1000	43644	44643	0.0	1770	plus
NC_000913.2_Escherichia_coli_str._K-12_substr._MG1655,_complete_genome_2265000:2266000	ASM15512v1_CM000662.1	98.600	1000	14	0	1	1000	3831520	3830521	0.0	1770	minus
