NC_000913.2_Escherichia_coli_str._K-12_substr._MG1655,_complete_genome_2970000:2971000	SRR10358491_NODE_3_length_265729_cov_14.094081	100.000	1000	0	0	1	1000	241221	242220	0.0	1847	plus
NC_000913.2_Escherichia_coli_str._K-12_substr._MG1655,_complete_genome_2970000:2971000	SRR10358489_NODE_4_length_265730_cov_16.911326	100.000	1000	0	0	1	1000	241222	242221	0.0	1847	plus
NC_000913.2_Escherichia_coli_str._K-12_substr._MG1655,_complete_genome_2970000:2971000	SRR10358488_NODE_3_length_265730_cov_20.485303	100.000	1000	0	0	1	1000	24509	23510	0.0	1847	minus
NC_000913.2_Escherichia_coli_str._K-12_substr._MG1655,_complete_genome_2970000:2971000	SRR10358487_NODE_3_length_265730_cov_13.011318	100.000	1000	0	0	1	1000	24509	23510	0.0	1847	minus
NC_000913.2_Escherichia_coli_str._K-12_substr._MG1655,_complete_genome_2970000:2971000	SRR10358486_NODE_4_length_265730_cov_24.677873	100.000	1000	0	0	1	1000	241222	242221	0.0	1847	plus
NC_000913.2_Escherichia_coli_str._K-12_substr._MG1655,_complete_genome_2970000:2971000	SRR10358485_NODE_3_length_265727_cov_18.045960	100.000	1000	0	0	1	1000	241220	242219	0.0	1847	plus
NC_000913.2_Escherichia_coli_str._K-12_substr._MG1655,_complete_genome_2970000:2971000	ASM2516v1_CP001846.1	99.200	1000	8	0	1	1000	3532455	3533454	0.0	1803	plus
NC_000913.2_Escherichia_coli_str._K-12_substr._MG1655,_complete_genome_2970000:2971000	ASM886v1_BA000007.2	99.100	1000	9	0	1	1000	3694379	3695378	0.0	1797	plus
NC_000913.2_Escherichia_coli_str._K-12_substr._MG1655,_complete_genome_2970000:2971000	ASM666v1_AE005174.2	99.100	1000	9	0	1	1000	3761677	3762676	0.0	1797	plus
NC_000913.2_Escherichia_coli_str._K-12_substr._MG1655,_complete_genome_2970000:2971000	ASM2222v1_CP001368.1	99.100	1000	9	0	1	1000	3753502	3754501	0.0	1797	plus
NC_000913.2_Escherichia_coli_str._K-12_substr._MG1655,_complete_genome_2970000:2971000	ASM17195v1_ABHQ01000001.1	99.100	1000	9	0	1	1000	442701	443700	0.0	1797	plus
NC_000913.2_Escherichia_coli_str._K-12_substr._MG1655,_complete_genome_2970000:2971000	ASM15512v1_CM000662.1	99.100	1000	9	0	1	1000	3078112	3077113	0.0	1797	minus
