NC_000913.2_Escherichia_coli_str._K-12_substr._MG1655,_complete_genome_4225000:4226000	SRR10358491_NODE_20_length_83038_cov_18.563689	100.000	1000	0	0	1	1000	14055	15054	0.0	1847	plus
NC_000913.2_Escherichia_coli_str._K-12_substr._MG1655,_complete_genome_4225000:4226000	SRR10358489_NODE_19_length_83038_cov_17.057845	100.000	1000	0	0	1	1000	68984	67985	0.0	1847	minus
NC_000913.2_Escherichia_coli_str._K-12_substr._MG1655,_complete_genome_4225000:4226000	SRR10358488_NODE_20_length_83038_cov_20.547117	100.000	1000	0	0	1	1000	68984	67985	0.0	1847	minus
NC_000913.2_Escherichia_coli_str._K-12_substr._MG1655,_complete_genome_4225000:4226000	SRR10358487_NODE_2_length_285698_cov_13.222764	100.000	1000	0	0	1	1000	271644	270645	0.0	1847	minus
NC_000913.2_Escherichia_coli_str._K-12_substr._MG1655,_complete_genome_4225000:4226000	SRR10358486_NODE_18_length_83038_cov_23.249219	100.000	1000	0	0	1	1000	68984	67985	0.0	1847	minus
NC_000913.2_Escherichia_coli_str._K-12_substr._MG1655,_complete_genome_4225000:4226000	SRR10358485_NODE_20_length_83036_cov_18.921649	100.000	1000	0	0	1	1000	68983	67984	0.0	1847	minus
NC_000913.2_Escherichia_coli_str._K-12_substr._MG1655,_complete_genome_4225000:4226000	ASM2516v1_CP001846.1	98.700	1000	13	0	1	1000	4923015	4924014	0.0	1775	plus
NC_000913.2_Escherichia_coli_str._K-12_substr._MG1655,_complete_genome_4225000:4226000	ASM886v1_BA000007.2	98.600	1000	14	0	1	1000	5035379	5036378	0.0	1770	plus
NC_000913.2_Escherichia_coli_str._K-12_substr._MG1655,_complete_genome_4225000:4226000	ASM666v1_AE005174.2	98.600	1000	14	0	1	1000	5104124	5105123	0.0	1770	plus
NC_000913.2_Escherichia_coli_str._K-12_substr._MG1655,_complete_genome_4225000:4226000	ASM2222v1_CP001368.1	98.600	1000	14	0	1	1000	5094552	5095551	0.0	1770	plus
NC_000913.2_Escherichia_coli_str._K-12_substr._MG1655,_complete_genome_4225000:4226000	ASM17195v1_ABHQ01000005.1	98.600	1000	14	0	1	1000	50053	51052	0.0	1770	plus
NC_000913.2_Escherichia_coli_str._K-12_substr._MG1655,_complete_genome_4225000:4226000	ASM15512v1_CM000662.1	98.600	1000	14	0	1	1000	1724262	1723263	0.0	1770	minus
