NC_000913.2_Escherichia_coli_str._K-12_substr._MG1655,_complete_genome_3780000:3781000	SRR10358489_NODE_9_length_176019_cov_17.200299	100.000	1000	0	0	1	1000	159742	158743	0.0	1847	minus
NC_000913.2_Escherichia_coli_str._K-12_substr._MG1655,_complete_genome_3780000:3781000	SRR10358488_NODE_7_length_178712_cov_21.132391	100.000	1000	0	0	1	1000	18970	19969	0.0	1847	plus
NC_000913.2_Escherichia_coli_str._K-12_substr._MG1655,_complete_genome_3780000:3781000	SRR10358487_NODE_8_length_175868_cov_13.003135	100.000	1000	0	0	1	1000	159591	158592	0.0	1847	minus
NC_000913.2_Escherichia_coli_str._K-12_substr._MG1655,_complete_genome_3780000:3781000	SRR10358486_NODE_8_length_178711_cov_23.726185	100.000	1000	0	0	1	1000	18970	19969	0.0	1847	plus
NC_000913.2_Escherichia_coli_str._K-12_substr._MG1655,_complete_genome_3780000:3781000	SRR10358485_NODE_9_length_178561_cov_21.674995	100.000	1000	0	0	1	1000	159592	158593	0.0	1847	minus
NC_000913.2_Escherichia_coli_str._K-12_substr._MG1655,_complete_genome_3780000:3781000	SRR10358491_NODE_10_length_176019_cov_21.745196	99.900	1000	1	0	1	1000	159742	158743	0.0	1842	minus
NC_000913.2_Escherichia_coli_str._K-12_substr._MG1655,_complete_genome_3780000:3781000	ASM886v1_BA000007.2	98.000	1000	20	0	1	1000	4528810	4529809	0.0	1736	plus
NC_000913.2_Escherichia_coli_str._K-12_substr._MG1655,_complete_genome_3780000:3781000	ASM666v1_AE005174.2	98.000	1000	20	0	1	1000	4597792	4598791	0.0	1736	plus
NC_000913.2_Escherichia_coli_str._K-12_substr._MG1655,_complete_genome_3780000:3781000	ASM2516v1_CP001846.1	98.000	1000	20	0	1	1000	4418754	4419753	0.0	1736	plus
NC_000913.2_Escherichia_coli_str._K-12_substr._MG1655,_complete_genome_3780000:3781000	ASM2222v1_CP001368.1	98.000	1000	20	0	1	1000	4587955	4588954	0.0	1736	plus
NC_000913.2_Escherichia_coli_str._K-12_substr._MG1655,_complete_genome_3780000:3781000	ASM17195v1_ABHQ01000003.1	98.000	1000	20	0	1	1000	332228	333227	0.0	1736	plus
NC_000913.2_Escherichia_coli_str._K-12_substr._MG1655,_complete_genome_3780000:3781000	ASM15512v1_CM000662.1	98.000	1000	20	0	1	1000	2243688	2242689	0.0	1736	minus
