NC_000913.2_Escherichia_coli_str._K-12_substr._MG1655,_complete_genome_1040000:1041000	SRR10358491_NODE_1_length_316522_cov_10.067103	100.000	1000	0	0	1	1000	307269	308268	0.0	1847	plus
NC_000913.2_Escherichia_coli_str._K-12_substr._MG1655,_complete_genome_1040000:1041000	SRR10358489_NODE_2_length_361112_cov_16.843946	100.000	1000	0	0	1	1000	307519	308518	0.0	1847	plus
NC_000913.2_Escherichia_coli_str._K-12_substr._MG1655,_complete_genome_1040000:1041000	SRR10358488_NODE_11_length_142450_cov_18.046781	100.000	1000	0	0	1	1000	133197	134196	0.0	1847	plus
NC_000913.2_Escherichia_coli_str._K-12_substr._MG1655,_complete_genome_1040000:1041000	SRR10358487_NODE_22_length_76851_cov_13.190384	100.000	1000	0	0	1	1000	67598	68597	0.0	1847	plus
NC_000913.2_Escherichia_coli_str._K-12_substr._MG1655,_complete_genome_1040000:1041000	SRR10358486_NODE_2_length_316163_cov_22.172335	100.000	1000	0	0	1	1000	306987	307986	0.0	1847	plus
NC_000913.2_Escherichia_coli_str._K-12_substr._MG1655,_complete_genome_1040000:1041000	SRR10358485_NODE_1_length_316175_cov_14.047515	100.000	1000	0	0	1	1000	306999	307998	0.0	1847	plus
NC_000913.2_Escherichia_coli_str._K-12_substr._MG1655,_complete_genome_1040000:1041000	ASM886v1_BA000007.2	98.300	1000	17	0	1	1000	1219904	1220903	0.0	1753	plus
NC_000913.2_Escherichia_coli_str._K-12_substr._MG1655,_complete_genome_1040000:1041000	ASM666v1_AE005174.2	98.300	1000	17	0	1	1000	1304721	1305720	0.0	1753	plus
NC_000913.2_Escherichia_coli_str._K-12_substr._MG1655,_complete_genome_1040000:1041000	ASM2516v1_CP001846.1	98.300	1000	17	0	1	1000	1267261	1268260	0.0	1753	plus
NC_000913.2_Escherichia_coli_str._K-12_substr._MG1655,_complete_genome_1040000:1041000	ASM2222v1_CP001368.1	98.300	1000	17	0	1	1000	1225223	1226222	0.0	1753	plus
NC_000913.2_Escherichia_coli_str._K-12_substr._MG1655,_complete_genome_1040000:1041000	ASM17195v1_ABHQ01000007.1	98.300	1000	17	0	1	1000	73459	74458	0.0	1753	plus
NC_000913.2_Escherichia_coli_str._K-12_substr._MG1655,_complete_genome_1040000:1041000	ASM15512v1_CM000662.1	98.300	1000	17	0	1	1000	31495	30496	0.0	1753	minus
