NC_000913.2_Escherichia_coli_str._K-12_substr._MG1655,_complete_genome_2250000:2251000	SRR10358491_NODE_15_length_117743_cov_10.087871	100.000	1000	0	0	1	1000	80676	81675	0.0	1847	plus
NC_000913.2_Escherichia_coli_str._K-12_substr._MG1655,_complete_genome_2250000:2251000	SRR10358489_NODE_15_length_117743_cov_16.552960	100.000	1000	0	0	1	1000	37067	36068	0.0	1847	minus
NC_000913.2_Escherichia_coli_str._K-12_substr._MG1655,_complete_genome_2250000:2251000	SRR10358488_NODE_15_length_117743_cov_17.253324	100.000	1000	0	0	1	1000	80677	81676	0.0	1847	plus
NC_000913.2_Escherichia_coli_str._K-12_substr._MG1655,_complete_genome_2250000:2251000	SRR10358487_NODE_14_length_117761_cov_12.682184	100.000	1000	0	0	1	1000	37085	36086	0.0	1847	minus
NC_000913.2_Escherichia_coli_str._K-12_substr._MG1655,_complete_genome_2250000:2251000	SRR10358486_NODE_13_length_117744_cov_23.558032	100.000	1000	0	0	1	1000	80677	81676	0.0	1847	plus
NC_000913.2_Escherichia_coli_str._K-12_substr._MG1655,_complete_genome_2250000:2251000	SRR10358485_NODE_15_length_117742_cov_14.240182	100.000	1000	0	0	1	1000	37067	36068	0.0	1847	minus
NC_000913.2_Escherichia_coli_str._K-12_substr._MG1655,_complete_genome_2250000:2251000	ASM886v1_BA000007.2	97.062	851	24	1	1	850	2986958	2987808	0.0	1432	plus
NC_000913.2_Escherichia_coli_str._K-12_substr._MG1655,_complete_genome_2250000:2251000	ASM2516v1_CP001846.1	97.062	851	24	1	1	850	2727713	2728563	0.0	1432	plus
NC_000913.2_Escherichia_coli_str._K-12_substr._MG1655,_complete_genome_2250000:2251000	ASM2222v1_CP001368.1	97.062	851	24	1	1	850	2983191	2984041	0.0	1432	plus
NC_000913.2_Escherichia_coli_str._K-12_substr._MG1655,_complete_genome_2250000:2251000	ASM17195v1_ABHQ01000004.1	97.062	851	24	1	1	850	28694	29544	0.0	1432	plus
