NC_000913.2_Escherichia_coli_str._K-12_substr._MG1655,_complete_genome_4360000:4361000	SRR10358491_NODE_11_length_172974_cov_18.551927	100.000	1000	0	0	1	1000	36019	37018	0.0	1847	plus
NC_000913.2_Escherichia_coli_str._K-12_substr._MG1655,_complete_genome_4360000:4361000	SRR10358489_NODE_10_length_172972_cov_18.049426	100.000	1000	0	0	1	1000	136955	135956	0.0	1847	minus
NC_000913.2_Escherichia_coli_str._K-12_substr._MG1655,_complete_genome_4360000:4361000	SRR10358488_NODE_10_length_172972_cov_22.460765	100.000	1000	0	0	1	1000	136955	135956	0.0	1847	minus
NC_000913.2_Escherichia_coli_str._K-12_substr._MG1655,_complete_genome_4360000:4361000	SRR10358487_NODE_2_length_285698_cov_13.222764	100.000	1000	0	0	1	1000	136955	135956	0.0	1847	minus
NC_000913.2_Escherichia_coli_str._K-12_substr._MG1655,_complete_genome_4360000:4361000	SRR10358486_NODE_10_length_172972_cov_23.959264	100.000	1000	0	0	1	1000	136955	135956	0.0	1847	minus
NC_000913.2_Escherichia_coli_str._K-12_substr._MG1655,_complete_genome_4360000:4361000	SRR10358485_NODE_11_length_172971_cov_19.874112	100.000	1000	0	0	1	1000	136954	135955	0.0	1847	minus
NC_000913.2_Escherichia_coli_str._K-12_substr._MG1655,_complete_genome_4360000:4361000	ASM886v1_BA000007.2	98.700	1000	13	0	1	1000	5216429	5217428	0.0	1775	plus
NC_000913.2_Escherichia_coli_str._K-12_substr._MG1655,_complete_genome_4360000:4361000	ASM666v1_AE005174.2	98.700	1000	13	0	1	1000	5246414	5247413	0.0	1775	plus
NC_000913.2_Escherichia_coli_str._K-12_substr._MG1655,_complete_genome_4360000:4361000	ASM2516v1_CP001846.1	98.700	1000	13	0	1	1000	5065195	5066194	0.0	1775	plus
NC_000913.2_Escherichia_coli_str._K-12_substr._MG1655,_complete_genome_4360000:4361000	ASM2222v1_CP001368.1	98.700	1000	13	0	1	1000	5247690	5248689	0.0	1775	plus
NC_000913.2_Escherichia_coli_str._K-12_substr._MG1655,_complete_genome_4360000:4361000	ASM17195v1_ABHQ01000005.1	98.700	1000	13	0	1	1000	203191	204190	0.0	1775	plus
NC_000913.2_Escherichia_coli_str._K-12_substr._MG1655,_complete_genome_4360000:4361000	ASM15512v1_CM000662.1	98.700	1000	13	0	1	1000	1581972	1580973	0.0	1775	minus
