NC_000913.2_Escherichia_coli_str._K-12_substr._MG1655,_complete_genome_3985000:3986000	SRR10358489_NODE_18_length_88592_cov_17.666388	100.000	1000	0	0	1	1000	40279	41278	0.0	1847	plus
NC_000913.2_Escherichia_coli_str._K-12_substr._MG1655,_complete_genome_3985000:3986000	SRR10358488_NODE_19_length_88592_cov_20.729113	100.000	1000	0	0	1	1000	40279	41278	0.0	1847	plus
NC_000913.2_Escherichia_coli_str._K-12_substr._MG1655,_complete_genome_3985000:3986000	SRR10358487_NODE_19_length_88743_cov_13.265246	100.000	1000	0	0	1	1000	40279	41278	0.0	1847	plus
NC_000913.2_Escherichia_coli_str._K-12_substr._MG1655,_complete_genome_3985000:3986000	SRR10358486_NODE_17_length_88592_cov_21.385079	100.000	1000	0	0	1	1000	40279	41278	0.0	1847	plus
NC_000913.2_Escherichia_coli_str._K-12_substr._MG1655,_complete_genome_3985000:3986000	SRR10358485_NODE_19_length_88598_cov_17.871834	100.000	1000	0	0	1	1000	48320	47321	0.0	1847	minus
NC_000913.2_Escherichia_coli_str._K-12_substr._MG1655,_complete_genome_3985000:3986000	SRR10358491_NODE_19_length_88592_cov_19.119188	99.900	1000	1	0	1	1000	40279	41278	0.0	1842	plus
NC_000913.2_Escherichia_coli_str._K-12_substr._MG1655,_complete_genome_3985000:3986000	ASM2516v1_CP001846.1	99.400	1000	6	0	1	1000	4667914	4668913	0.0	1814	plus
NC_000913.2_Escherichia_coli_str._K-12_substr._MG1655,_complete_genome_3985000:3986000	ASM15512v1_CM000662.1	98.221	1012	6	1	1	1000	1979023	1978012	0.0	1759	minus
NC_000913.2_Escherichia_coli_str._K-12_substr._MG1655,_complete_genome_3985000:3986000	ASM886v1_BA000007.2	99.376	962	6	0	1	962	4780618	4781579	0.0	1744	plus
NC_000913.2_Escherichia_coli_str._K-12_substr._MG1655,_complete_genome_3985000:3986000	ASM666v1_AE005174.2	99.376	962	6	0	1	962	4849380	4850341	0.0	1744	plus
NC_000913.2_Escherichia_coli_str._K-12_substr._MG1655,_complete_genome_3985000:3986000	ASM2222v1_CP001368.1	99.376	962	6	0	1	962	4839757	4840718	0.0	1744	plus
NC_000913.2_Escherichia_coli_str._K-12_substr._MG1655,_complete_genome_3985000:3986000	ASM17195v1_ABHQ01000006.1	99.376	962	6	0	1	962	62699	63660	0.0	1744	plus
