NC_000913.2_Escherichia_coli_str._K-12_substr._MG1655,_complete_genome_3335000:3336000	SRR10358491_NODE_9_length_178399_cov_16.549290	100.000	1000	0	0	1	1000	149680	150679	0.0	1847	plus
NC_000913.2_Escherichia_coli_str._K-12_substr._MG1655,_complete_genome_3335000:3336000	SRR10358489_NODE_8_length_178400_cov_17.052077	100.000	1000	0	0	1	1000	28721	27722	0.0	1847	minus
NC_000913.2_Escherichia_coli_str._K-12_substr._MG1655,_complete_genome_3335000:3336000	SRR10358488_NODE_8_length_178400_cov_20.036747	100.000	1000	0	0	1	1000	149680	150679	0.0	1847	plus
NC_000913.2_Escherichia_coli_str._K-12_substr._MG1655,_complete_genome_3335000:3336000	SRR10358487_NODE_16_length_98660_cov_13.417484	100.000	1000	0	0	1	1000	69957	70956	0.0	1847	plus
NC_000913.2_Escherichia_coli_str._K-12_substr._MG1655,_complete_genome_3335000:3336000	SRR10358486_NODE_9_length_178400_cov_23.318584	100.000	1000	0	0	1	1000	28721	27722	0.0	1847	minus
NC_000913.2_Escherichia_coli_str._K-12_substr._MG1655,_complete_genome_3335000:3336000	SRR10358485_NODE_10_length_178399_cov_18.076540	100.000	1000	0	0	1	1000	149679	150678	0.0	1847	plus
NC_000913.2_Escherichia_coli_str._K-12_substr._MG1655,_complete_genome_3335000:3336000	ASM886v1_BA000007.2	98.700	1000	13	0	1	1000	4079332	4080331	0.0	1775	plus
NC_000913.2_Escherichia_coli_str._K-12_substr._MG1655,_complete_genome_3335000:3336000	ASM666v1_AE005174.2	98.700	1000	13	0	1	1000	4146548	4147547	0.0	1775	plus
NC_000913.2_Escherichia_coli_str._K-12_substr._MG1655,_complete_genome_3335000:3336000	ASM2516v1_CP001846.1	98.700	1000	13	0	1	1000	3968017	3969016	0.0	1775	plus
NC_000913.2_Escherichia_coli_str._K-12_substr._MG1655,_complete_genome_3335000:3336000	ASM2222v1_CP001368.1	98.700	1000	13	0	1	1000	4137140	4138139	0.0	1775	plus
NC_000913.2_Escherichia_coli_str._K-12_substr._MG1655,_complete_genome_3335000:3336000	ASM17195v1_ABHQ01000008.1	98.700	1000	13	0	1	1000	127705	128704	0.0	1775	plus
NC_000913.2_Escherichia_coli_str._K-12_substr._MG1655,_complete_genome_3335000:3336000	ASM15512v1_CM000662.1	98.700	1000	13	0	1	1000	2693156	2692157	0.0	1775	minus
