NC_000913.2_Escherichia_coli_str._K-12_substr._MG1655,_complete_genome_3075000:3076000	SRR10358491_NODE_13_length_132705_cov_14.750735	100.000	1000	0	0	1	1000	79415	80414	0.0	1847	plus
NC_000913.2_Escherichia_coli_str._K-12_substr._MG1655,_complete_genome_3075000:3076000	SRR10358489_NODE_13_length_132705_cov_17.822784	100.000	1000	0	0	1	1000	53291	52292	0.0	1847	minus
NC_000913.2_Escherichia_coli_str._K-12_substr._MG1655,_complete_genome_3075000:3076000	SRR10358488_NODE_13_length_132705_cov_20.492306	100.000	1000	0	0	1	1000	53291	52292	0.0	1847	minus
NC_000913.2_Escherichia_coli_str._K-12_substr._MG1655,_complete_genome_3075000:3076000	SRR10358487_NODE_11_length_132705_cov_13.267216	100.000	1000	0	0	1	1000	53291	52292	0.0	1847	minus
NC_000913.2_Escherichia_coli_str._K-12_substr._MG1655,_complete_genome_3075000:3076000	SRR10358486_NODE_14_length_116578_cov_22.471271	100.000	1000	0	0	1	1000	63288	64287	0.0	1847	plus
NC_000913.2_Escherichia_coli_str._K-12_substr._MG1655,_complete_genome_3075000:3076000	SRR10358485_NODE_13_length_132704_cov_17.210240	99.900	1000	1	0	1	1000	53291	52292	0.0	1842	minus
NC_000913.2_Escherichia_coli_str._K-12_substr._MG1655,_complete_genome_3075000:3076000	ASM886v1_BA000007.2	99.300	1000	7	0	1	1000	3817590	3818589	0.0	1808	plus
NC_000913.2_Escherichia_coli_str._K-12_substr._MG1655,_complete_genome_3075000:3076000	ASM2516v1_CP001846.1	99.300	1000	7	0	1	1000	3641594	3642593	0.0	1808	plus
NC_000913.2_Escherichia_coli_str._K-12_substr._MG1655,_complete_genome_3075000:3076000	ASM2222v1_CP001368.1	99.300	1000	7	0	1	1000	3876713	3877712	0.0	1808	plus
NC_000913.2_Escherichia_coli_str._K-12_substr._MG1655,_complete_genome_3075000:3076000	ASM17195v1_ABHQ01000011.1	99.300	1000	7	0	1	1000	24560	25559	0.0	1808	plus
NC_000913.2_Escherichia_coli_str._K-12_substr._MG1655,_complete_genome_3075000:3076000	ASM15512v1_CM000662.1	99.300	1000	7	0	1	1000	2954900	2953901	0.0	1808	minus
NC_000913.2_Escherichia_coli_str._K-12_substr._MG1655,_complete_genome_3075000:3076000	ASM666v1_AE005174.2	98.900	1000	11	0	1	1000	3884898	3885897	0.0	1794	plus
