NC_000913.2_Escherichia_coli_str._K-12_substr._MG1655,_complete_genome_3495000:3496000	SRR10358491_NODE_16_length_112487_cov_17.130509	100.000	1000	0	0	1	1000	86576	85577	0.0	1847	minus
NC_000913.2_Escherichia_coli_str._K-12_substr._MG1655,_complete_genome_3495000:3496000	SRR10358489_NODE_16_length_112487_cov_17.533019	100.000	1000	0	0	1	1000	86576	85577	0.0	1847	minus
NC_000913.2_Escherichia_coli_str._K-12_substr._MG1655,_complete_genome_3495000:3496000	SRR10358488_NODE_16_length_112487_cov_19.848362	100.000	1000	0	0	1	1000	25912	26911	0.0	1847	plus
NC_000913.2_Escherichia_coli_str._K-12_substr._MG1655,_complete_genome_3495000:3496000	SRR10358487_NODE_15_length_112487_cov_13.092275	100.000	1000	0	0	1	1000	86576	85577	0.0	1847	minus
NC_000913.2_Escherichia_coli_str._K-12_substr._MG1655,_complete_genome_3495000:3496000	SRR10358486_NODE_15_length_112487_cov_21.745461	100.000	1000	0	0	1	1000	86576	85577	0.0	1847	minus
NC_000913.2_Escherichia_coli_str._K-12_substr._MG1655,_complete_genome_3495000:3496000	SRR10358485_NODE_16_length_112486_cov_17.007610	100.000	1000	0	0	1	1000	25912	26911	0.0	1847	plus
NC_000913.2_Escherichia_coli_str._K-12_substr._MG1655,_complete_genome_3495000:3496000	ASM886v1_BA000007.2	98.900	1000	11	0	1	1000	4216885	4217884	0.0	1786	plus
NC_000913.2_Escherichia_coli_str._K-12_substr._MG1655,_complete_genome_3495000:3496000	ASM666v1_AE005174.2	98.900	1000	11	0	1	1000	4284107	4285106	0.0	1786	plus
NC_000913.2_Escherichia_coli_str._K-12_substr._MG1655,_complete_genome_3495000:3496000	ASM2516v1_CP001846.1	98.900	1000	11	0	1	1000	4105613	4106612	0.0	1786	plus
NC_000913.2_Escherichia_coli_str._K-12_substr._MG1655,_complete_genome_3495000:3496000	ASM2222v1_CP001368.1	98.900	1000	11	0	1	1000	4276006	4277005	0.0	1786	plus
NC_000913.2_Escherichia_coli_str._K-12_substr._MG1655,_complete_genome_3495000:3496000	ASM17195v1_ABHQ01000003.1	98.900	1000	11	0	1	1000	20279	21278	0.0	1786	plus
NC_000913.2_Escherichia_coli_str._K-12_substr._MG1655,_complete_genome_3495000:3496000	ASM15512v1_CM000662.1	98.900	1000	11	0	1	1000	2555581	2554582	0.0	1786	minus
