NC_000913.2_Escherichia_coli_str._K-12_substr._MG1655,_complete_genome_1265000:1266000	SRR10358491_NODE_2_length_297749_cov_9.123549	100.000	1000	0	0	1	1000	168502	169501	0.0	1847	plus
NC_000913.2_Escherichia_coli_str._K-12_substr._MG1655,_complete_genome_1265000:1266000	SRR10358489_NODE_3_length_282492_cov_16.393724	100.000	1000	0	0	1	1000	153299	154298	0.0	1847	plus
NC_000913.2_Escherichia_coli_str._K-12_substr._MG1655,_complete_genome_1265000:1266000	SRR10358488_NODE_2_length_297749_cov_17.298217	100.000	1000	0	0	1	1000	129247	128248	0.0	1847	minus
NC_000913.2_Escherichia_coli_str._K-12_substr._MG1655,_complete_genome_1265000:1266000	SRR10358487_NODE_9_length_159351_cov_12.740033	100.000	1000	0	0	1	1000	4512	3513	0.0	1847	minus
NC_000913.2_Escherichia_coli_str._K-12_substr._MG1655,_complete_genome_1265000:1266000	SRR10358486_NODE_3_length_282546_cov_23.823528	100.000	1000	0	0	1	1000	129248	128249	0.0	1847	minus
NC_000913.2_Escherichia_coli_str._K-12_substr._MG1655,_complete_genome_1265000:1266000	SRR10358485_NODE_2_length_297748_cov_15.299391	100.000	1000	0	0	1	1000	129246	128247	0.0	1847	minus
NC_000913.2_Escherichia_coli_str._K-12_substr._MG1655,_complete_genome_1265000:1266000	ASM886v1_BA000007.2	99.400	1000	6	0	1	1000	1711660	1712659	0.0	1814	plus
NC_000913.2_Escherichia_coli_str._K-12_substr._MG1655,_complete_genome_1265000:1266000	ASM666v1_AE005174.2	99.400	1000	6	0	1	1000	1803066	1804065	0.0	1814	plus
NC_000913.2_Escherichia_coli_str._K-12_substr._MG1655,_complete_genome_1265000:1266000	ASM2516v1_CP001846.1	99.400	1000	6	0	1	1000	1529078	1530077	0.0	1814	plus
NC_000913.2_Escherichia_coli_str._K-12_substr._MG1655,_complete_genome_1265000:1266000	ASM2222v1_CP001368.1	99.400	1000	6	0	1	1000	1632130	1633129	0.0	1814	plus
NC_000913.2_Escherichia_coli_str._K-12_substr._MG1655,_complete_genome_1265000:1266000	ASM17195v1_ABHQ01000015.1	99.400	1000	6	0	1	1000	107969	108968	0.0	1814	plus
NC_000913.2_Escherichia_coli_str._K-12_substr._MG1655,_complete_genome_1265000:1266000	ASM15512v1_CM000662.1	99.400	1000	6	0	1	1000	5119584	5118585	0.0	1814	minus
