NC_000913.2_Escherichia_coli_str._K-12_substr._MG1655,_complete_genome_900000:901000	SRR10358491_NODE_1_length_316522_cov_10.067103	100.000	1000	0	0	1	1000	167268	168267	0.0	1847	plus
NC_000913.2_Escherichia_coli_str._K-12_substr._MG1655,_complete_genome_900000:901000	SRR10358489_NODE_2_length_361112_cov_16.843946	100.000	1000	0	0	1	1000	167519	168518	0.0	1847	plus
NC_000913.2_Escherichia_coli_str._K-12_substr._MG1655,_complete_genome_900000:901000	SRR10358488_NODE_9_length_175923_cov_18.772873	100.000	1000	0	0	1	1000	169139	170138	0.0	1847	plus
NC_000913.2_Escherichia_coli_str._K-12_substr._MG1655,_complete_genome_900000:901000	SRR10358487_NODE_4_length_239915_cov_13.054765	100.000	1000	0	0	1	1000	72652	71653	0.0	1847	minus
NC_000913.2_Escherichia_coli_str._K-12_substr._MG1655,_complete_genome_900000:901000	SRR10358486_NODE_2_length_316163_cov_22.172335	100.000	1000	0	0	1	1000	166998	167997	0.0	1847	plus
NC_000913.2_Escherichia_coli_str._K-12_substr._MG1655,_complete_genome_900000:901000	SRR10358485_NODE_1_length_316175_cov_14.047515	100.000	1000	0	0	1	1000	166997	167996	0.0	1847	plus
NC_000913.2_Escherichia_coli_str._K-12_substr._MG1655,_complete_genome_900000:901000	ASM2516v1_CP001846.1	98.000	1000	19	1	1	1000	1126396	1127394	0.0	1735	plus
NC_000913.2_Escherichia_coli_str._K-12_substr._MG1655,_complete_genome_900000:901000	ASM2222v1_CP001368.1	98.000	1000	19	1	1	1000	1034332	1035330	0.0	1735	plus
NC_000913.2_Escherichia_coli_str._K-12_substr._MG1655,_complete_genome_900000:901000	ASM17195v1_ABHQ01000002.1	98.000	1000	19	1	1	1000	507331	508329	0.0	1735	plus
NC_000913.2_Escherichia_coli_str._K-12_substr._MG1655,_complete_genome_900000:901000	ASM886v1_BA000007.2	97.900	1000	20	1	1	1000	1029376	1030374	0.0	1729	plus
NC_000913.2_Escherichia_coli_str._K-12_substr._MG1655,_complete_genome_900000:901000	ASM666v1_AE005174.2	97.900	1000	20	1	1	1000	1031035	1032033	0.0	1729	plus
NC_000913.2_Escherichia_coli_str._K-12_substr._MG1655,_complete_genome_900000:901000	ASM15512v1_CM000662.1	97.900	1000	20	1	1	1000	231350	230352	0.0	1729	minus
