NC_000913.2_Escherichia_coli_str._K-12_substr._MG1655,_complete_genome_3675000:3676000	SRR10358491_NODE_17_length_95317_cov_19.885124	100.000	1000	0	0	1	1000	9768	10767	0.0	1847	plus
NC_000913.2_Escherichia_coli_str._K-12_substr._MG1655,_complete_genome_3675000:3676000	SRR10358489_NODE_17_length_95180_cov_16.964872	100.000	1000	0	0	1	1000	85413	84414	0.0	1847	minus
NC_000913.2_Escherichia_coli_str._K-12_substr._MG1655,_complete_genome_3675000:3676000	SRR10358488_NODE_17_length_95318_cov_20.159626	100.000	1000	0	0	1	1000	9768	10767	0.0	1847	plus
NC_000913.2_Escherichia_coli_str._K-12_substr._MG1655,_complete_genome_3675000:3676000	SRR10358487_NODE_17_length_95318_cov_12.563919	100.000	1000	0	0	1	1000	85551	84552	0.0	1847	minus
NC_000913.2_Escherichia_coli_str._K-12_substr._MG1655,_complete_genome_3675000:3676000	SRR10358486_NODE_27_length_53549_cov_21.722025	100.000	1000	0	0	1	1000	43782	42783	0.0	1847	minus
NC_000913.2_Escherichia_coli_str._K-12_substr._MG1655,_complete_genome_3675000:3676000	SRR10358485_NODE_17_length_95180_cov_20.049541	100.000	1000	0	0	1	1000	9768	10767	0.0	1847	plus
NC_000913.2_Escherichia_coli_str._K-12_substr._MG1655,_complete_genome_3675000:3676000	ASM886v1_BA000007.2	98.900	1000	11	0	1	1000	4419116	4420115	0.0	1786	plus
NC_000913.2_Escherichia_coli_str._K-12_substr._MG1655,_complete_genome_3675000:3676000	ASM2516v1_CP001846.1	98.900	1000	11	0	1	1000	4307708	4308707	0.0	1786	plus
NC_000913.2_Escherichia_coli_str._K-12_substr._MG1655,_complete_genome_3675000:3676000	ASM2222v1_CP001368.1	98.900	1000	11	0	1	1000	4478234	4479233	0.0	1786	plus
NC_000913.2_Escherichia_coli_str._K-12_substr._MG1655,_complete_genome_3675000:3676000	ASM17195v1_ABHQ01000003.1	98.900	1000	11	0	1	1000	222507	223506	0.0	1786	plus
NC_000913.2_Escherichia_coli_str._K-12_substr._MG1655,_complete_genome_3675000:3676000	ASM15512v1_CM000662.1	98.997	997	10	0	4	1000	2353379	2352383	0.0	1786	minus
NC_000913.2_Escherichia_coli_str._K-12_substr._MG1655,_complete_genome_3675000:3676000	ASM666v1_AE005174.2	98.800	1000	12	0	1	1000	4486343	4487342	0.0	1783	plus
