NC_000913.2_Escherichia_coli_str._K-12_substr._MG1655,_complete_genome_2835000:2836000	SRR10358491_NODE_3_length_265729_cov_14.094081	100.000	1000	0	0	1	1000	106221	107220	0.0	1847	plus
NC_000913.2_Escherichia_coli_str._K-12_substr._MG1655,_complete_genome_2835000:2836000	SRR10358489_NODE_4_length_265730_cov_16.911326	100.000	1000	0	0	1	1000	106222	107221	0.0	1847	plus
NC_000913.2_Escherichia_coli_str._K-12_substr._MG1655,_complete_genome_2835000:2836000	SRR10358488_NODE_3_length_265730_cov_20.485303	100.000	1000	0	0	1	1000	159509	158510	0.0	1847	minus
NC_000913.2_Escherichia_coli_str._K-12_substr._MG1655,_complete_genome_2835000:2836000	SRR10358487_NODE_3_length_265730_cov_13.011318	100.000	1000	0	0	1	1000	159509	158510	0.0	1847	minus
NC_000913.2_Escherichia_coli_str._K-12_substr._MG1655,_complete_genome_2835000:2836000	SRR10358486_NODE_4_length_265730_cov_24.677873	100.000	1000	0	0	1	1000	106222	107221	0.0	1847	plus
NC_000913.2_Escherichia_coli_str._K-12_substr._MG1655,_complete_genome_2835000:2836000	SRR10358485_NODE_3_length_265727_cov_18.045960	100.000	1000	0	0	1	1000	106222	107221	0.0	1847	plus
NC_000913.2_Escherichia_coli_str._K-12_substr._MG1655,_complete_genome_2835000:2836000	ASM886v1_BA000007.2	97.600	1000	24	0	1	1000	3560698	3561697	0.0	1714	plus
NC_000913.2_Escherichia_coli_str._K-12_substr._MG1655,_complete_genome_2835000:2836000	ASM2222v1_CP001368.1	97.600	1000	24	0	1	1000	3619868	3620867	0.0	1714	plus
NC_000913.2_Escherichia_coli_str._K-12_substr._MG1655,_complete_genome_2835000:2836000	ASM17195v1_ABHQ01000001.1	97.600	1000	24	0	1	1000	309067	310066	0.0	1714	plus
NC_000913.2_Escherichia_coli_str._K-12_substr._MG1655,_complete_genome_2835000:2836000	ASM15512v1_CM000662.1	97.600	1000	24	0	1	1000	3211792	3210793	0.0	1714	minus
NC_000913.2_Escherichia_coli_str._K-12_substr._MG1655,_complete_genome_2835000:2836000	ASM666v1_AE005174.2	97.500	1000	25	0	1	1000	3627996	3628995	0.0	1711	plus
NC_000913.2_Escherichia_coli_str._K-12_substr._MG1655,_complete_genome_2835000:2836000	ASM2516v1_CP001846.1	97.500	1000	25	0	1	1000	3398650	3399649	0.0	1709	plus
