NC_000913.2_Escherichia_coli_str._K-12_substr._MG1655,_complete_genome_2590000:2591000	SRR10358491_NODE_5_length_210722_cov_11.226102	100.000	1000	0	0	1	1000	76488	77487	0.0	1847	plus
NC_000913.2_Escherichia_coli_str._K-12_substr._MG1655,_complete_genome_2590000:2591000	SRR10358489_NODE_5_length_210722_cov_16.906422	100.000	1000	0	0	1	1000	76488	77487	0.0	1847	plus
NC_000913.2_Escherichia_coli_str._K-12_substr._MG1655,_complete_genome_2590000:2591000	SRR10358488_NODE_4_length_210723_cov_18.722716	100.000	1000	0	0	1	1000	76489	77488	0.0	1847	plus
NC_000913.2_Escherichia_coli_str._K-12_substr._MG1655,_complete_genome_2590000:2591000	SRR10358487_NODE_5_length_210723_cov_12.686608	100.000	1000	0	0	1	1000	134235	133236	0.0	1847	minus
NC_000913.2_Escherichia_coli_str._K-12_substr._MG1655,_complete_genome_2590000:2591000	SRR10358486_NODE_6_length_210723_cov_21.594005	100.000	1000	0	0	1	1000	134235	133236	0.0	1847	minus
NC_000913.2_Escherichia_coli_str._K-12_substr._MG1655,_complete_genome_2590000:2591000	SRR10358485_NODE_6_length_210724_cov_13.704744	100.000	1000	0	0	1	1000	76490	77489	0.0	1847	plus
NC_000913.2_Escherichia_coli_str._K-12_substr._MG1655,_complete_genome_2590000:2591000	ASM886v1_BA000007.2	99.194	992	8	0	1	992	3308103	3309094	0.0	1788	plus
NC_000913.2_Escherichia_coli_str._K-12_substr._MG1655,_complete_genome_2590000:2591000	ASM2516v1_CP001846.1	99.194	992	8	0	1	992	3049174	3050165	0.0	1788	plus
NC_000913.2_Escherichia_coli_str._K-12_substr._MG1655,_complete_genome_2590000:2591000	ASM2222v1_CP001368.1	99.194	992	8	0	1	992	3367091	3368082	0.0	1788	plus
NC_000913.2_Escherichia_coli_str._K-12_substr._MG1655,_complete_genome_2590000:2591000	ASM17195v1_ABHQ01000001.1	99.194	992	8	0	1	992	56295	57286	0.0	1788	plus
NC_000913.2_Escherichia_coli_str._K-12_substr._MG1655,_complete_genome_2590000:2591000	ASM15512v1_CM000662.1	99.194	992	8	0	1	992	3464157	3463166	0.0	1788	minus
NC_000913.2_Escherichia_coli_str._K-12_substr._MG1655,_complete_genome_2590000:2591000	ASM666v1_AE005174.2	99.093	992	9	0	1	992	3377937	3378928	0.0	1784	plus
