NC_000913.2_Escherichia_coli_str._K-12_substr._MG1655,_complete_genome_420000:421000	SRR10358491_NODE_12_length_133160_cov_12.408290	100.000	1000	0	0	1	1000	27937	28936	0.0	1847	plus
NC_000913.2_Escherichia_coli_str._K-12_substr._MG1655,_complete_genome_420000:421000	SRR10358489_NODE_12_length_133159_cov_16.930054	100.000	1000	0	0	1	1000	105223	104224	0.0	1847	minus
NC_000913.2_Escherichia_coli_str._K-12_substr._MG1655,_complete_genome_420000:421000	SRR10358488_NODE_12_length_133159_cov_20.167283	100.000	1000	0	0	1	1000	27937	28936	0.0	1847	plus
NC_000913.2_Escherichia_coli_str._K-12_substr._MG1655,_complete_genome_420000:421000	SRR10358487_NODE_10_length_133159_cov_12.985349	100.000	1000	0	0	1	1000	27937	28936	0.0	1847	plus
NC_000913.2_Escherichia_coli_str._K-12_substr._MG1655,_complete_genome_420000:421000	SRR10358486_NODE_11_length_133159_cov_21.633427	100.000	1000	0	0	1	1000	105223	104224	0.0	1847	minus
NC_000913.2_Escherichia_coli_str._K-12_substr._MG1655,_complete_genome_420000:421000	SRR10358485_NODE_12_length_133159_cov_14.480824	100.000	1000	0	0	1	1000	27937	28936	0.0	1847	plus
NC_000913.2_Escherichia_coli_str._K-12_substr._MG1655,_complete_genome_420000:421000	ASM886v1_BA000007.2	100.000	1000	0	0	1	1000	482758	483757	0.0	1847	plus
NC_000913.2_Escherichia_coli_str._K-12_substr._MG1655,_complete_genome_420000:421000	ASM666v1_AE005174.2	100.000	1000	0	0	1	1000	482760	483759	0.0	1847	plus
NC_000913.2_Escherichia_coli_str._K-12_substr._MG1655,_complete_genome_420000:421000	ASM2516v1_CP001846.1	100.000	1000	0	0	1	1000	522443	523442	0.0	1847	plus
NC_000913.2_Escherichia_coli_str._K-12_substr._MG1655,_complete_genome_420000:421000	ASM2222v1_CP001368.1	100.000	1000	0	0	1	1000	487936	488935	0.0	1847	plus
NC_000913.2_Escherichia_coli_str._K-12_substr._MG1655,_complete_genome_420000:421000	ASM17195v1_ABHQ01000022.1	100.000	1000	0	0	1	1000	44704	45703	0.0	1847	plus
NC_000913.2_Escherichia_coli_str._K-12_substr._MG1655,_complete_genome_420000:421000	ASM15512v1_CM000662.1	100.000	1000	0	0	1	1000	777642	776643	0.0	1847	minus
