NC_000913.2_Escherichia_coli_str._K-12_substr._MG1655,_complete_genome_2280000:2281000	SRR10358491_NODE_15_length_117743_cov_10.087871	100.000	1000	0	0	1	1000	110677	111676	0.0	1847	plus
NC_000913.2_Escherichia_coli_str._K-12_substr._MG1655,_complete_genome_2280000:2281000	SRR10358489_NODE_15_length_117743_cov_16.552960	100.000	1000	0	0	1	1000	7067	6068	0.0	1847	minus
NC_000913.2_Escherichia_coli_str._K-12_substr._MG1655,_complete_genome_2280000:2281000	SRR10358488_NODE_15_length_117743_cov_17.253324	100.000	1000	0	0	1	1000	110677	111676	0.0	1847	plus
NC_000913.2_Escherichia_coli_str._K-12_substr._MG1655,_complete_genome_2280000:2281000	SRR10358487_NODE_14_length_117761_cov_12.682184	100.000	1000	0	0	1	1000	7084	6085	0.0	1847	minus
NC_000913.2_Escherichia_coli_str._K-12_substr._MG1655,_complete_genome_2280000:2281000	SRR10358486_NODE_13_length_117744_cov_23.558032	100.000	1000	0	0	1	1000	110678	111677	0.0	1847	plus
NC_000913.2_Escherichia_coli_str._K-12_substr._MG1655,_complete_genome_2280000:2281000	SRR10358485_NODE_15_length_117742_cov_14.240182	100.000	1000	0	0	1	1000	7067	6068	0.0	1847	minus
NC_000913.2_Escherichia_coli_str._K-12_substr._MG1655,_complete_genome_2280000:2281000	ASM886v1_BA000007.2	98.100	1000	19	0	1	1000	3016909	3017908	0.0	1742	plus
NC_000913.2_Escherichia_coli_str._K-12_substr._MG1655,_complete_genome_2280000:2281000	ASM666v1_AE005174.2	98.100	1000	19	0	1	1000	3088178	3089177	0.0	1742	plus
NC_000913.2_Escherichia_coli_str._K-12_substr._MG1655,_complete_genome_2280000:2281000	ASM2516v1_CP001846.1	98.100	1000	19	0	1	1000	2757664	2758663	0.0	1742	plus
NC_000913.2_Escherichia_coli_str._K-12_substr._MG1655,_complete_genome_2280000:2281000	ASM2222v1_CP001368.1	98.100	1000	19	0	1	1000	3013142	3014141	0.0	1742	plus
NC_000913.2_Escherichia_coli_str._K-12_substr._MG1655,_complete_genome_2280000:2281000	ASM17195v1_ABHQ01000004.1	98.100	1000	19	0	1	1000	58645	59644	0.0	1742	plus
NC_000913.2_Escherichia_coli_str._K-12_substr._MG1655,_complete_genome_2280000:2281000	ASM15512v1_CM000662.1	98.100	1000	19	0	1	1000	3816519	3815520	0.0	1742	minus
